-4.244000000000039408e-01 -1.107869137186032178e-09
-4.236000000000040289e-01 -9.127833521295790289e-11
-4.228000000000040060e-01 -1.965562332398815320e-10
-4.220000000000039830e-01 -5.508475312668105374e-10
-4.212000000000039601e-01 2.217170706264204784e-12
-4.204000000000039927e-01 1.445064726793382657e-10
-4.196000000000040253e-01 -2.134014253475888896e-10
-4.188000000000040024e-01 2.642407662548481942e-11
-4.180000000000039795e-01 5.980233785985551727e-10
-4.172000000000039566e-01 7.211368805716311360e-10
-4.164000000000039892e-01 2.898067825446983517e-10
-4.156000000000040218e-01 4.707602845177723802e-10
-4.148000000000039988e-01 7.446083864908455247e-10
-4.140000000000039759e-01 4.340527884639202108e-10
-4.132000000000039530e-01 4.709295904369934997e-10
-4.124000000000039856e-01 6.355973924100692065e-10
-4.116000000000040182e-01 9.607075943831398013e-10
-4.108000000000039953e-01 3.201190963562119637e-10
-4.100000000000039724e-01 3.948322983292894254e-10
-4.092000000000039495e-01 5.449447003023609123e-10
-4.084000000000039821e-01 5.777997022754325390e-10
-4.076000000000040147e-01 6.822704042485047666e-10
-4.068000000000039917e-01 1.035354606221575869e-09
-4.060000000000039688e-01 2.417082081946461812e-10
-4.052000000000040014e-01 6.995353101677228011e-10
-4.044000000000039785e-01 8.750673121407973669e-10
-4.036000000000040111e-01 3.114076141138713306e-10
-4.028000000000039882e-01 8.122154160869424769e-10
-4.020000000000039653e-01 1.416438180600174418e-10
-4.012000000000039979e-01 7.041588200330920764e-10
-4.004000000000039750e-01 2.033998220061644124e-10
-3.996000000000040075e-01 7.592818239792390141e-10
-3.988000000000039846e-01 1.385812595230741075e-11
-3.980000000000039617e-01 7.494968279253811753e-10
-3.972000000000039943e-01 5.594830298984536222e-10
-3.964000000000039714e-01 6.068971318715258920e-10
-3.956000000000040040e-01 5.122098338445999328e-10
-3.948000000000039811e-01 4.235087358176732246e-10
-3.940000000000040137e-01 8.746837790747802953e-12
-3.932000000000039908e-01 7.812039763818206986e-12
-3.924000000000039678e-01 3.378586417368973587e-10
-3.916000000000040004e-01 5.292749437099648694e-10
-3.908000000000039775e-01 6.658834456830345910e-10
-3.900000000000040101e-01 5.083364765610995450e-11
-3.892000000000039872e-01 5.853141496291799954e-10
-3.884000000000039643e-01 4.556005516022539419e-10
-3.876000000000039969e-01 5.940155357533154989e-11
-3.868000000000039740e-01 8.015558555484044228e-10
-3.860000000000040066e-01 3.392550575214772599e-10
-3.852000000000039837e-01 2.255642594945501990e-10
-3.844000000000039607e-01 -3.187510385323769086e-10
-3.836000000000039933e-01 1.538162634406967173e-10
-3.828000000000040259e-01 2.509541654137740344e-10
-3.820000000000040030e-01 -8.326063261315919177e-11
-3.812000000000039801e-01 9.518816935991222274e-11
-3.804000000000039572e-01 7.399227133298423775e-11
-3.796000000000039898e-01 3.590935733060612327e-10
-3.788000000000040224e-01 1.402778752791325375e-10
-3.780000000000039995e-01 -7.575822747793988770e-12
-3.772000000000039766e-01 2.516119792252828040e-10
-3.764000000000039536e-01 -4.156541880164831582e-11
-3.756000000000039862e-01 -2.965690168285702668e-10
-3.748000000000040188e-01 -2.183316148554976399e-10
-3.740000000000039959e-01 -3.030571128824276164e-10
-3.732000000000039730e-01 -7.113641090935910144e-11
-3.724000000000039501e-01 -4.071596089362864584e-10
-3.716000000000039827e-01 -9.013720696321321836e-11
-3.708000000000040153e-01 -3.127080049901395972e-10
-3.700000000000039924e-01 5.492989698294010095e-11
-3.692000000000039694e-01 -3.181267010439902337e-10
-3.684000000000039465e-01 -3.657441990709166972e-10
-3.676000000000040346e-01 -3.915053970978391031e-10
-3.668000000000040117e-01 2.599850487523466517e-11
-3.660000000000039888e-01 -7.159859315169561763e-11
-3.652000000000039659e-01 5.833440882137861798e-11
-3.644000000000039430e-01 3.713174107944446890e-10
-3.636000000000040311e-01 1.237390127675206784e-10
-3.628000000000040082e-01 7.252983147405925495e-10
-3.620000000000039853e-01 1.092111167136646927e-10
-3.612000000000039623e-01 -6.405158131325841874e-11
-3.604000000000039394e-01 -8.002857934018871008e-11
-3.596000000000040275e-01 6.075596226328855754e-10
-3.588000000000040046e-01 1.011732246059606942e-10
-3.580000000000039817e-01 9.007412657903521367e-11
-3.572000000000039588e-01 2.818278285521077074e-10
-3.564000000000039914e-01 5.902253052518438336e-11
-3.556000000000040240e-01 4.017133324982476270e-10
-3.548000000000040011e-01 6.521403447132562849e-11
-3.540000000000039782e-01 6.498055364443984006e-10
-3.532000000000039552e-01 2.913327384174681105e-10
-3.524000000000039878e-01 3.543006403905453274e-10
-3.516000000000040204e-01 2.505218423636148921e-10
-3.508000000000039975e-01 -7.067935566330592693e-11
-3.500000000000039746e-01 4.594561463097653041e-10
-3.492000000000039517e-01 1.522170482828367497e-10
-3.484000000000039843e-01 5.002368502559146374e-10
-3.476000000000040169e-01 5.112498522289852139e-10
-3.468000000000039940e-01 9.685025420205456642e-11
-3.460000000000039710e-01 1.603403561751295267e-10
-3.452000000000039481e-01 -1.965834185179678884e-11
-3.444000000000039807e-01 1.264217601212746519e-10
-3.436000000000040133e-01 -5.627343790565259100e-11
-3.428000000000039904e-01 5.230280640674212390e-10
-3.420000000000039675e-01 3.139078660404978329e-10
-3.412000000000040001e-01 5.521523680135672334e-10
-3.404000000000039772e-01 1.819129699866415150e-10
-3.396000000000040098e-01 2.728264719597132624e-10
-3.388000000000039869e-01 1.580698739327806877e-10
-3.380000000000039639e-01 1.604497759058539206e-10
-3.372000000000039965e-01 -2.999788221210687259e-10
-3.364000000000039736e-01 1.632057798520067818e-10
-3.356000000000040062e-01 3.265520818250798116e-10
-3.348000000000039833e-01 2.268908837981515914e-10
-3.340000000000039604e-01 3.281570857712264177e-10
-3.332000000000039930e-01 -2.499729122556984245e-10
-3.324000000000039701e-01 -3.341061028262881709e-11
-3.316000000000040027e-01 7.543463916904473233e-10
-3.308000000000039797e-01 7.038405936635215802e-10
-3.300000000000040123e-01 2.003886956365874930e-10
-3.292000000000039894e-01 5.460317976096570793e-10
-3.284000000000039665e-01 8.821215995827369531e-10
-3.276000000000039991e-01 7.277750155580457851e-11
-3.268000000000039762e-01 5.730950035288800594e-10
-3.260000000000040088e-01 8.249181055019533755e-10
-3.252000000000039859e-01 5.098559074750274726e-10
-3.244000000000039630e-01 6.051961094480991804e-10
-3.236000000000039956e-01 6.501730114211753993e-10
-3.228000000000039726e-01 3.418326133942513663e-10
-3.220000000000040052e-01 4.428642153673208921e-10
-3.212000000000039823e-01 4.078305173403923539e-10
-3.204000000000039594e-01 5.796464193134653572e-10
-3.196000000000039920e-01 4.457264212865351998e-10
-3.188000000000040246e-01 4.480779232596125886e-10
-3.180000000000040017e-01 3.192951252326855141e-10
-3.172000000000039788e-01 2.862189272057572765e-10
-3.164000000000039559e-01 5.348125291788352000e-10
-3.156000000000039885e-01 4.151816311519054890e-10
-3.148000000000040211e-01 6.924598331249785180e-10
-3.140000000000039981e-01 3.317985350980505469e-10
-3.132000000000039752e-01 5.441296370711279972e-10
-3.124000000000039523e-01 8.297744390441913015e-10
-3.116000000000039849e-01 2.273439410172675056e-10
-3.108000000000040175e-01 5.637286429903437519e-10
-3.100000000000039946e-01 6.385839449634152258e-10
-3.092000000000039717e-01 7.879360469364908508e-10
-3.084000000000039488e-01 8.428463489095603840e-10
-3.076000000000039813e-01 4.701769508826343701e-10
-3.068000000000040139e-01 1.210576252855707077e-09
-3.060000000000039910e-01 8.440813548287854860e-10
-3.052000000000039681e-01 5.856494568018575486e-10
-3.044000000000039452e-01 8.133993587749266387e-10
-3.036000000000040333e-01 7.281586607479978416e-10
-3.028000000000040104e-01 2.297266627210675216e-10
-3.020000000000039875e-01 5.967748646941427904e-10
-3.012000000000039646e-01 2.972451666672200079e-10
-3.004000000000039416e-01 2.830409686402924161e-10
-2.996000000000040298e-01 5.949687706133661751e-10
-2.988000000000040068e-01 -3.533272741355810412e-11
-2.980000000000039839e-01 3.405758745595094233e-10
-2.972000000000039610e-01 5.960759765325868307e-10
-2.964000000000039381e-01 1.124055785056570556e-10
-2.956000000000040262e-01 4.921084804787280093e-10
-2.948000000000040033e-01 2.382062824518031649e-10
-2.940000000000039804e-01 1.038812844248730099e-10
-2.932000000000039575e-01 -8.145276136020514300e-10
-2.924000000000039901e-01 -2.013509116289788552e-10
-2.916000000000040226e-01 -1.954219096559075085e-10
-2.908000000000039997e-01 -2.395150076828287911e-10
-2.900000000000039768e-01 2.207136942902457146e-10
-2.892000000000039539e-01 -1.056887037366853151e-10
-2.884000000000039865e-01 1.434661982363878360e-10
-2.876000000000040191e-01 -9.544709979053514435e-11
-2.868000000000039962e-01 1.007262021825300706e-10
-2.860000000000039733e-01 2.311530041556061926e-10
-2.852000000000039504e-01 -7.710569387132312625e-11
-2.844000000000039829e-01 2.657627081017503573e-10
-2.836000000000040155e-01 2.686435100748260726e-10
-2.828000000000039926e-01 2.133871204789663362e-11
-2.820000000000039697e-01 -3.967598597902555135e-11
-2.812000000000039468e-01 1.071171599404832203e-11
-2.804000000000039794e-01 -1.274004820328781041e-10
-2.796000000000040120e-01 1.759475199401904347e-10
-2.788000000000039891e-01 1.970396219132695186e-10
-2.780000000000039662e-01 2.435228238863345574e-10
-2.772000000000039988e-01 1.629859258594063712e-10
-2.764000000000039758e-01 7.743262783248048364e-11
-2.756000000000040084e-01 4.202442298055557521e-10
-2.748000000000039855e-01 2.083706317786313751e-10
-2.740000000000039626e-01 3.755822337517006919e-10
-2.732000000000039952e-01 3.941198357247777919e-10
-2.724000000000039723e-01 3.862181376978491554e-10
-2.716000000000040049e-01 2.136979396709261968e-10
-2.708000000000039820e-01 6.806342416439948147e-10
-2.700000000000039591e-01 1.449485436170723361e-10
-2.692000000000039917e-01 1.320695455901370202e-10
-2.684000000000039687e-01 5.917405475632107379e-10
-2.676000000000040013e-01 2.147332495362866264e-10
-2.668000000000039784e-01 5.708035515093581472e-10
-2.660000000000040110e-01 4.620438534824330939e-10
-2.652000000000039881e-01 1.127797554555051550e-10
-2.644000000000039652e-01 5.833575574285816051e-10
-2.636000000000039978e-01 2.162765594016501990e-10
-2.628000000000039749e-01 4.363169613747251175e-10
-2.620000000000040075e-01 1.483584633477983153e-10
-2.612000000000039845e-01 3.805562653208741497e-10
-2.604000000000039616e-01 2.277855672939386333e-10
-2.596000000000039942e-01 5.830387692670161158e-10
-2.588000000000039713e-01 4.155507124009156501e-11
-2.580000000000040039e-01 2.512819732131626913e-10
-2.572000000000039810e-01 7.777407518623422200e-11
-2.564000000000039581e-01 -2.335506228406930677e-10
-2.556000000000039907e-01 -8.722542086761795529e-11
-2.548000000000040233e-01 -1.249627188945414253e-10
-2.540000000000040004e-01 -4.249081169214726439e-10
-2.532000000000039774e-01 -1.156910149483943869e-10
-2.524000000000040100e-01 -6.186781297532552506e-11
-2.516000000000039871e-01 -3.795128110022542390e-10
-2.508000000000040197e-01 1.819169097081783800e-11
-2.500000000000039968e-01 -4.097899070561079895e-10
-2.492000000000039739e-01 -1.807114050830355617e-10
-2.484000000000039787e-01 -1.638933031099622783e-10
-2.476000000000039836e-01 4.206069886311550038e-11
-2.468000000000039884e-01 -5.432528991638163069e-10
-2.460000000000039933e-01 -4.931173971907400061e-10
-2.452000000000039703e-01 -2.273149521766360741e-11
-2.444000000000040029e-01 -1.139385293244594487e-09
-2.436000000000039800e-01 -7.885871912715194525e-10
-2.428000000000039849e-01 -9.802281892984495494e-10
-2.420000000000039897e-01 -6.827065873253788235e-10
-2.412000000000039668e-01 -6.256858853523049173e-10
-2.404000000000039994e-01 -7.143194833792315635e-10
-2.396000000000039765e-01 -5.117370814061565344e-10
-2.388000000000040091e-01 -4.299362794330829673e-10
-2.380000000000039861e-01 -6.654247774600126380e-10
-2.372000000000039632e-01 -5.599663754869350290e-10
-2.364000000000039958e-01 -4.074487351386198827e-11
-2.356000000000039729e-01 -5.737944715407896359e-10
-2.348000000000040055e-01 -3.284621695677140367e-10
-2.340000000000039826e-01 -4.079936675946493714e-10
-2.332000000000039597e-01 -5.784106656215768438e-10
-2.324000000000039923e-01 -3.446105636485015431e-10
-2.316000000000039694e-01 -3.132511616754300596e-10
-2.308000000000040020e-01 -7.126583597023527384e-10
-2.300000000000039790e-01 -7.216897577292792891e-10
-2.292000000000039839e-01 -5.881756557562032531e-10
-2.284000000000039887e-01 -5.808042537831354612e-10
-2.276000000000039658e-01 -8.563140518100594277e-10
-2.268000000000039984e-01 -4.412011498369834749e-10
-2.260000000000039755e-01 -5.390575478639186084e-10
-2.252000000000039803e-01 -7.540184458908428606e-10
-2.244000000000039852e-01 -5.739460439177699593e-10
-2.236000000000039900e-01 -1.841924419446996546e-10
-2.228000000000039948e-01 -6.251592399716221896e-10
-2.220000000000039719e-01 -4.200580379985516194e-10
-2.212000000000039768e-01 -5.562836360254754786e-10
-2.204000000000039816e-01 -4.123210340524024023e-10
-2.196000000000039865e-01 -4.591853320793269436e-10
-2.188000000000039913e-01 -1.564981301062573424e-10
-2.180000000000039961e-01 8.697607186681316857e-11
-2.172000000000039732e-01 -3.714261601122365530e-13
-2.164000000000039781e-01 -6.967812418704392981e-11
-2.156000000000039829e-01 1.637950777860314668e-10
-2.148000000000039877e-01 5.208667975910770668e-11
-2.140000000000039926e-01 -1.441550182678182342e-10
-2.132000000000039697e-01 -2.693459162947467865e-10
-2.124000000000040023e-01 4.503328567832435102e-11
-2.116000000000039794e-01 1.339238765139869164e-11
-2.108000000000039842e-01 2.424709896244727781e-10
-2.100000000000039890e-01 -7.715108402450348601e-12
-2.092000000000039661e-01 7.630609357061638592e-11
-2.084000000000039987e-01 1.392028955436858533e-10
-2.076000000000039758e-01 1.968487975167606095e-10
-2.068000000000040084e-01 2.611209948983539894e-11
-2.060000000000039855e-01 4.943520146290770115e-11
-2.052000000000039626e-01 2.217130343598432988e-11
-2.044000000000039952e-01 -9.672429459094084138e-11
-2.036000000000039722e-01 -9.566599261787202339e-11
-2.028000000000040048e-01 -1.306215906447938635e-10
-2.020000000000039819e-01 -1.179636886717199605e-10
-2.012000000000039590e-01 -2.096027866986502107e-10
-2.004000000000039916e-01 1.140525152744214923e-10
-1.996000000000039687e-01 -1.549060827525052653e-10
-1.988000000000040013e-01 2.206260192205662895e-10
-1.980000000000039784e-01 1.812899211936426983e-10
-1.972000000000039832e-01 2.723322316671414106e-11
-1.964000000000039881e-01 4.314225139787796494e-12
-1.956000000000039651e-01 3.731127112859470182e-12
-1.948000000000039977e-01 1.267754290859364322e-10
-1.940000000000039748e-01 1.197796310590103661e-10
-1.932000000000039797e-01 -1.296745669679193601e-10
-1.924000000000039567e-01 2.179143500515340411e-11
-1.916000000000040171e-01 2.161812369782208580e-10
-1.908000000000039942e-01 1.547331389512961494e-10
-1.900000000000039713e-01 1.459930409243715703e-10
-1.892000000000039761e-01 1.190026428974410909e-10
-1.884000000000039532e-01 2.330336448705151885e-10
-1.876000000000040135e-01 -2.427000531564074955e-10
-1.868000000000039906e-01 3.252474881666278688e-11
-1.860000000000039955e-01 -9.581744921025945587e-11
-1.852000000000039726e-01 3.543961527628137993e-10
-1.844000000000039496e-01 -8.813384526411737379e-11
-1.836000000000040100e-01 -7.371374329104091905e-11
-1.828000000000039871e-01 2.792727586820237126e-10
-1.820000000000039919e-01 1.161175606550982059e-10
-1.812000000000039690e-01 -2.251388373718297875e-10
-1.804000000000039738e-01 3.153492646012494020e-10
-1.796000000000040064e-01 1.330342665743209332e-10
-1.788000000000039835e-01 -3.087063145260694384e-11
-1.780000000000039884e-01 2.608458705204678219e-10
-1.772000000000039655e-01 2.576799724935433538e-10
-1.764000000000039703e-01 8.252367446661220002e-11
-1.756000000000040029e-01 2.250007643968665755e-11
-1.748000000000040077e-01 -3.292262158723966856e-11
-1.740000000000039848e-01 1.723242803858261389e-10
-1.732000000000039619e-01 7.554438235890488020e-11
-1.724000000000039667e-01 2.960004843319749870e-10
-1.716000000000039993e-01 -6.427701369494656127e-11
-1.708000000000040042e-01 1.008881882781255879e-10
-1.700000000000039813e-01 2.871991902511985818e-10
-1.692000000000039583e-01 -7.689400777572996403e-11
-1.684000000000039632e-01 3.455586941973464523e-10
-1.676000000000039958e-01 4.073967961704175547e-10
-1.668000000000040006e-01 2.473359814349205565e-11
-1.660000000000039777e-01 1.069465001165663424e-10
-1.652000000000039825e-01 8.029010208962983594e-11
-1.644000000000039596e-01 -1.887679959372938849e-10
-1.636000000000039922e-01 1.571700060357787171e-10
-1.628000000000039971e-01 -2.037221919911451809e-10
-1.620000000000039742e-01 7.392550998192489163e-11
-1.612000000000039790e-01 2.718432119550035795e-10
-1.604000000000039561e-01 9.428171392807328899e-11
-1.596000000000040164e-01 6.686851590114699937e-11
-1.588000000000039935e-01 -4.854082125778918044e-12
-1.580000000000039706e-01 4.452461984729426766e-11
-1.572000000000039754e-01 2.606713218203703536e-10
-1.564000000000039525e-01 -4.810610762065607168e-10
-1.556000000000040129e-01 3.222392576651077622e-11
-1.548000000000039900e-01 -1.676166722604192593e-10
-1.540000000000039948e-01 -1.372946702873443398e-10
-1.532000000000039719e-01 -1.378146831426842862e-11
-1.524000000000039490e-01 1.836303365880677554e-11
-1.516000000000040093e-01 -2.246643643681190652e-10
-1.508000000000039864e-01 -1.335447623950460875e-10
-1.500000000000039913e-01 -2.494226042197694105e-11
-1.492000000000039683e-01 -5.811085844890816335e-11
-1.484000000000039732e-01 -5.704232564758294939e-10
-1.476000000000040058e-01 -2.736654545027607087e-10
-1.468000000000039829e-01 -1.977125252968396680e-11
-1.460000000000039877e-01 -1.007415505566146767e-10
-1.452000000000039648e-01 -3.387062485835363385e-10
-1.444000000000039696e-01 -2.762002466104657414e-10
-1.436000000000040022e-01 -1.294807446373923103e-10
-1.428000000000040071e-01 3.156695733567919362e-11
-1.420000000000039841e-01 -3.123539406912461311e-10
-1.412000000000039612e-01 -4.704856387181733275e-10
-1.404000000000039661e-01 -3.492604367451054877e-10
-1.396000000000039987e-01 -2.315203347720219777e-10
-1.388000000000040035e-01 -3.561109327989592977e-10
-1.380000000000039806e-01 -3.042914308258823025e-10
-1.372000000000039577e-01 -8.197195288528058664e-10
-1.364000000000039625e-01 -6.761051268797345984e-10
-1.356000000000039951e-01 -7.803137249066599216e-10
-1.348000000000040000e-01 -3.475012229335865252e-10
-1.340000000000039770e-01 -3.636061209605161638e-10
-1.332000000000039819e-01 -1.293761189874378008e-10
-1.324000000000039590e-01 -8.644152170143644798e-10
-1.316000000000039916e-01 -4.955339150413019666e-10
-1.308000000000039964e-01 -3.187655130682170320e-10
-1.300000000000039735e-01 -2.403042110951540700e-10
-1.292000000000039783e-01 -2.614646091220789975e-10
-1.284000000000039554e-01 -2.238870714900601466e-11
-1.276000000000040158e-01 -3.236770051759302627e-10
-1.268000000000039929e-01 -4.163536032028586598e-10
-1.260000000000039699e-01 -2.975370012297876802e-10
-1.252000000000039748e-01 -3.026639992567136482e-10
-1.244000000000039657e-01 -3.759035972836367078e-10
-1.236000000000039983e-01 -6.185259953105624572e-10
-1.228000000000039893e-01 -2.223845933374907697e-10
-1.220000000000039803e-01 -3.674494913644150443e-10
-1.212000000000039712e-01 -7.018987893913519365e-10
-1.204000000000039622e-01 -1.788402874182766889e-10
-1.196000000000040087e-01 -6.845623854452032230e-10
-1.188000000000039996e-01 -6.155619834721271439e-10
-1.180000000000039767e-01 -6.130826814990519261e-10
-1.172000000000039677e-01 -5.751791795259838814e-10
-1.164000000000039586e-01 -7.606880775529097329e-10
-1.156000000000040051e-01 -3.261632755798348411e-10
-1.148000000000039961e-01 -6.560331736067579155e-10
-1.140000000000039870e-01 -3.825882716336841561e-10
-1.132000000000039641e-01 -6.482428696606165750e-10
-1.124000000000039551e-01 -5.407808676875486821e-10
-1.116000000000040016e-01 -4.035860657144723385e-10
-1.108000000000039925e-01 1.604036258603649293e-12
-1.100000000000039835e-01 -4.505360617683221593e-10
-1.092000000000039744e-01 -4.231486597952529033e-10
-1.084000000000039654e-01 -3.413755782217606936e-11
-1.076000000000039980e-01 -3.390034558491025562e-10
-1.068000000000039890e-01 -7.407095387602920469e-11
-1.060000000000039799e-01 -2.911599519029584056e-10
-1.052000000000039709e-01 -3.478403499298903097e-10
-1.044000000000039619e-01 -5.146624795681309732e-11
-1.036000000000040083e-01 -4.680194598373960162e-11
-1.028000000000039993e-01 -5.425244401066999224e-11
-1.020000000000039764e-01 -1.713787420375919899e-10
-1.012000000000039673e-01 7.417375993547761161e-11
-1.004000000000039583e-01 -2.588332380914445012e-10
-9.960000000000400477e-02 6.773536388162445987e-11
-9.880000000000399574e-02 6.148566585469965543e-11
-9.800000000000398670e-02 1.424338678277761138e-10
-9.720000000000396378e-02 -1.921540301991553034e-10
-9.640000000000395475e-02 2.011025717739166693e-10
-9.560000000000400122e-02 1.543945737469873839e-10
-9.480000000000399218e-02 3.220644757200622246e-10
-9.400000000000398315e-02 2.310754776931356694e-10
-9.320000000000397411e-02 -8.337922033379014020e-11
-9.240000000000396507e-02 1.241166816392811827e-10
-9.160000000000399767e-02 -1.888032163876450935e-10
-9.080000000000398863e-02 1.080823855854280605e-10
-9.000000000000397959e-02 -2.010538124414948015e-10
-8.920000000000397056e-02 -1.748139104684257734e-10
-8.840000000000396152e-02 -4.929700849535137636e-11
-8.760000000000400799e-02 -2.207549065222815175e-10
-8.680000000000399896e-02 -1.652371045492117617e-10
-8.600000000000397604e-02 -2.534123025761379703e-10
-8.520000000000396700e-02 -1.863411006030613390e-10
-8.440000000000395797e-02 -4.707326986299876105e-10
-8.360000000000400444e-02 -1.388314966569161443e-10
-8.280000000000399540e-02 -3.715168946838407110e-10
-8.200000000000398637e-02 -7.321729271076682647e-11
-8.120000000000396345e-02 -3.843785907376916598e-10
-8.040000000000395441e-02 -3.344349887646220408e-10
-7.960000000000400089e-02 -3.803470867915441935e-10
-7.880000000000399185e-02 -2.202337848184793302e-10
-7.800000000000398281e-02 -3.572517828454043726e-10
-7.720000000000397378e-02 -1.610961808723332582e-10
-7.640000000000396474e-02 -4.011967889925698979e-11
-7.560000000000399734e-02 -7.853123769261844402e-10
-7.480000000000398830e-02 -4.301338749531092374e-10
-7.400000000000397926e-02 -1.403216729800376918e-10
-7.320000000000397022e-02 5.754828993039244706e-12
-7.240000000000396119e-02 3.005941309661102869e-10
-7.160000000000400766e-02 1.238142329391843026e-10
-7.080000000000399862e-02 1.569926349122565529e-10
-7.000000000000397571e-02 1.845043368853240473e-10
-6.920000000000396667e-02 -7.452761141602614387e-12
-6.840000000000395763e-02 2.798796408314693044e-10
-6.760000000000400411e-02 2.086935428045439828e-10
-6.680000000000399507e-02 -1.518966552223829080e-10
-6.600000000000398603e-02 1.478844467506917433e-10
-6.520000000000396312e-02 1.199624872376619789e-11
-6.440000000000395408e-02 3.040955069683841615e-11
-6.360000000000400056e-02 -8.667764733008601976e-11
-6.280000000000399152e-02 7.023465464298744355e-11
-6.200000000000398248e-02 9.525235661606059442e-11
-6.120000000000396650e-02 -6.087554141087304896e-11
-6.040000000000395747e-02 1.784312605622024039e-10
-5.960000000000400394e-02 8.344662535274322694e-12
-5.880000000000399490e-02 -9.469513549164889415e-11
-5.800000000000397893e-02 -3.336503351857429143e-11
-5.720000000000396989e-02 1.441777684544994968e-10
-5.640000000000396085e-02 1.789513704275706820e-10
-5.560000000000400039e-02 6.759467240064159990e-11
-5.480000000000399135e-02 -1.844256262795944385e-13
-5.400000000000398231e-02 2.033678763467919366e-10
-5.320000000000396634e-02 1.299541783198646125e-10
-5.240000000000395730e-02 5.579988802929302056e-10
-5.160000000000400378e-02 1.602614822660071326e-10
-5.080000000000399474e-02 2.041264842390812628e-10
-5.000000000000397876e-02 2.599888862121516535e-10
-4.920000000000396972e-02 2.932808881852270290e-10
-4.840000000000396069e-02 6.980059015829698388e-11
-4.760000000000400022e-02 4.640163921313769628e-10
-4.680000000000399119e-02 3.803104941044476732e-10
-4.600000000000398215e-02 2.861240960775243257e-10
-4.520000000000396617e-02 1.362239980505873839e-10
-4.440000000000395713e-02 1.567547000236695152e-10
-4.360000000000400361e-02 4.334503019967321904e-10
-4.280000000000399457e-02 1.957342039698070829e-10
-4.200000000000397860e-02 3.766628059428847805e-10
-4.120000000000396956e-02 3.042332079159551762e-10
-4.040000000000396052e-02 -1.229619011096858940e-11
-3.960000000000400006e-02 4.765319118621004357e-10
-3.880000000000399102e-02 9.716201383517427518e-11
-3.800000000000398198e-02 1.713174158082493144e-10
-3.720000000000396601e-02 1.565732177813215621e-10
-3.640000000000395697e-02 2.606815197543907635e-10
-3.560000000000400344e-02 4.632102172747272300e-11
-3.480000000000399440e-02 -1.767187762994608393e-10
-3.400000000000397843e-02 2.545873256736153818e-10
-3.320000000000396939e-02 -2.825887235331126021e-11
-3.240000000000396035e-02 3.018517296197618231e-10
-3.160000000000399989e-02 2.218336315928335793e-10
-3.080000000000399085e-02 2.171329335659095260e-10
-3.000000000000397835e-02 2.000048355389779497e-10
-2.920000000000396931e-02 5.854170375120573129e-10
-2.840000000000395680e-02 7.884583948512647522e-11
-2.760000000000400328e-02 9.479354145819357660e-11
-2.680000000000399077e-02 3.676415434312738270e-10
-2.600000000000397826e-02 1.205427454043438805e-10
-2.520000000000396922e-02 2.310388473774144648e-10
-2.440000000000395672e-02 -2.104085064951009978e-11
-2.360000000000400319e-02 5.423551513235642343e-10
-2.280000000000399069e-02 -1.263406467033618577e-10
-2.200000000000397818e-02 2.110530552697085429e-10
-2.120000000000396914e-02 1.984227572427846507e-10
-2.040000000000395664e-02 2.219270592158551250e-10
-1.960000000000400311e-02 3.517250611889293399e-10
-1.880000000000399060e-02 1.259532631619984037e-10
-1.800000000000397810e-02 -4.550473486492016295e-11
-1.720000000000396906e-02 1.889313671081461955e-10
-1.640000000000395655e-02 5.972226908121725792e-11
-1.560000000000400129e-02 1.493780710542901481e-10
-1.480000000000399052e-02 -2.938837269726327910e-10
-1.400000000000397975e-02 4.982307500044325262e-11
-1.320000000000396724e-02 1.671261769735165256e-10
-1.240000000000395647e-02 1.773078789465852286e-10
-1.160000000000400121e-02 -4.504981908034099723e-11
-1.080000000000399044e-02 1.430019828927376141e-10
-1.000000000000397966e-02 2.277418486580136929e-11
-9.200000000003967157e-03 -2.826992131611252141e-10
-8.400000000003956385e-03 -1.048579111880472496e-10
-7.600000000004001992e-03 -2.439650921497375487e-11
-6.800000000003990352e-03 -4.236615072419007352e-10
-6.000000000003979581e-03 -1.277174052688283166e-10
-5.200000000003967941e-03 -3.555604032957577216e-10
-4.400000000003956302e-03 5.443649867731524357e-11
-3.600000000004001909e-03 -2.457219993496095171e-10
-2.800000000003990269e-03 2.299362026234651316e-10
-2.000000000003979064e-03 -3.524427954034608765e-10
-1.200000000003967641e-03 -4.531022934303946517e-10
-4.000000000039563271e-04 -4.452618914573195277e-10
3.999999999959982290e-04 -5.306553894842441453e-10
1.199999999996009597e-03 -3.963063875111716798e-10
1.999999999996021020e-03 -2.737914855381012962e-10
2.799999999996032225e-03 -4.213466835650236850e-10
3.599999999996043865e-03 -3.189543815919522471e-10
4.399999999995998258e-03 -5.771979796188812162e-10
5.199999999996009897e-03 -5.375608776458031801e-10
5.999999999996020669e-03 -4.190995756727280003e-10
6.799999999996032309e-03 -2.413150736996549458e-10
7.599999999996043948e-03 -5.959687717265935948e-10
8.399999999995999209e-03 -3.089063697535151517e-10
9.199999999996009981e-03 -6.982486677804438533e-10
9.999999999996020753e-03 -4.193965658073670729e-10
1.079999999999603326e-02 -3.899094638342953039e-10
1.159999999999604403e-02 -2.322440618612216304e-10
1.239999999999599929e-02 -5.232010598881463416e-10
1.319999999999601006e-02 -3.759201579150759837e-10
1.399999999999602084e-02 -3.053139559420007186e-10
1.479999999999603334e-02 -7.090199539689306411e-10
1.559999999999604411e-02 -6.445172519958537616e-10
1.639999999999599764e-02 -6.175312500227900894e-10
1.719999999999601015e-02 -7.107336480497107858e-10
1.799999999999602265e-02 -6.404933460766381633e-10
1.879999999999603169e-02 -5.388008441035680138e-10
1.959999999999604420e-02 -7.586929421304958564e-10
2.039999999999599772e-02 -4.738687401574194085e-10
2.119999999999601023e-02 -4.600420381843435542e-10
2.199999999999602274e-02 -1.023751536211269128e-09
2.279999999999603177e-02 -6.171687342382006734e-10
2.359999999999604428e-02 -6.397644322651216700e-10
2.439999999999599781e-02 -7.579174302920516584e-10
2.519999999999601031e-02 -2.186053283189833068e-10
2.599999999999602282e-02 -5.526532263459079978e-10
2.679999999999603186e-02 -2.009740243728382984e-10
2.759999999999604436e-02 -3.431647223997629026e-10
2.839999999999599789e-02 -5.017263204266864663e-10
2.919999999999601040e-02 -2.861871184536171363e-10
2.999999999999602290e-02 -4.644841164805418974e-10
3.079999999999603194e-02 -2.413954145074697388e-10
3.159999999999604098e-02 -4.519721253439495147e-11
3.239999999999600144e-02 -3.593321105613213820e-10
3.319999999999601048e-02 -4.515908588247622521e-12
3.399999999999601952e-02 -3.692664066151821456e-10
3.479999999999603549e-02 1.155826953578923467e-10
3.559999999999604453e-02 -1.404902026690345859e-10
3.639999999999599806e-02 1.276503993040439319e-10
3.719999999999600709e-02 7.276050127711539359e-11
3.799999999999602307e-02 -2.676573967498149323e-10
3.879999999999603211e-02 3.692700522326390406e-11
3.959999999999604114e-02 -1.742644928036663585e-10
4.039999999999600161e-02 -1.224627908305917288e-10
4.119999999999601065e-02 -3.461878885751738782e-11
4.199999999999601968e-02 -4.219008688444658135e-11
4.279999999999603566e-02 -2.816504849113768451e-10
4.359999999999604470e-02 -1.641342829383034966e-10
4.439999999999599822e-02 -1.787327809652294717e-10
4.519999999999600726e-02 -2.179196789921584418e-10
4.599999999999602324e-02 7.071662298091716112e-11
4.679999999999603227e-02 -2.056209750460092951e-10
4.759999999999604131e-02 -1.040066730729344114e-10
4.839999999999600178e-02 7.193742890014095486e-11
4.919999999999601081e-02 -8.916436912678839676e-11
4.999999999999601985e-02 -9.305856715371176109e-11
5.079999999999603583e-02 1.078825348193611925e-10
5.159999999999604486e-02 8.027753679243001081e-11
5.239999999999599839e-02 2.724753387655001414e-10
5.319999999999600743e-02 -1.842485926142631905e-11
5.399999999999602340e-02 7.564704271164641291e-11
5.479999999999603244e-02 1.671774468472394035e-11
5.559999999999604148e-02 -9.841905334220740840e-11
5.639999999999600194e-02 -5.641925136913226096e-11
5.719999999999601098e-02 -3.101331493960583373e-10
5.799999999999602002e-02 -1.993244474229840064e-10
5.879999999999603599e-02 1.272192545500819803e-10
5.959999999999604503e-02 1.126455565231639496e-10
6.039999999999599856e-02 -1.261327415037722579e-10
6.119999999999600759e-02 -9.591023953069428872e-11
6.199999999999602357e-02 -8.841793755761928682e-11
6.279999999999597016e-02 -3.375169355845482563e-10
6.359999999999604858e-02 -2.410043336114733979e-10
6.439999999999600211e-02 1.827877683615964734e-10
6.519999999999606666e-02 -1.709385296653278143e-10
6.599999999999602018e-02 3.628277723077494019e-10
6.679999999999597371e-02 1.664049742808203255e-10
6.759999999999603826e-02 -5.747803237461101565e-10
6.839999999999600566e-02 3.115227822696778796e-11
6.919999999999607021e-02 2.864368020003613008e-11
6.999999999999602374e-02 -1.456635178268907362e-10
7.079999999999597726e-02 -6.062307158538210651e-10
7.159999999999604181e-02 -3.953811138807444332e-10
7.239999999999599534e-02 -6.350689119076711884e-10
7.319999999999607376e-02 -7.912324099345962243e-10
7.399999999999602729e-02 -8.954482079615237392e-10
7.479999999999598082e-02 -5.900040059884520712e-10
7.559999999999604536e-02 -4.630802040153775526e-10
7.639999999999599889e-02 -7.666280020423122949e-10
7.719999999999606344e-02 -1.405337000692313677e-10
7.799999999999601696e-02 -2.604808980961608866e-10
7.879999999999597049e-02 -5.782715961230913260e-10
7.959999999999604892e-02 -3.176270941500151063e-10
8.039999999999600244e-02 -5.223490921769427513e-10
8.119999999999606699e-02 -5.029161902038698721e-10
8.199999999999602052e-02 -2.317450882307963245e-10
8.279999999999597404e-02 -1.973019862577196511e-10
8.359999999999603859e-02 -6.970318428464500299e-11
8.439999999999600599e-02 -5.150788823115717505e-10
8.519999999999607054e-02 -1.748856803385040368e-10
8.599999999999602407e-02 -1.643700783654231430e-10
8.679999999999597760e-02 -2.373644763923607357e-10
8.759999999999604214e-02 -5.197346744192879472e-10
8.839999999999599567e-02 -4.968967244620927849e-11
8.919999999999607410e-02 -6.203234704731367991e-10
8.999999999999602762e-02 -6.714047685000655663e-10
9.079999999999598115e-02 -6.202745665269914755e-10
9.159999999999604570e-02 -4.040603645539153727e-10
9.239999999999599922e-02 -7.968097625808432446e-10
9.319999999999606377e-02 -6.033436606077676209e-10
9.399999999999601730e-02 -5.378533586347001776e-10
9.479999999999597082e-02 -4.356101566616282921e-10
9.559999999999604925e-02 -7.024691546885541066e-10
9.639999999999600278e-02 -6.270170527154842959e-10
9.719999999999606732e-02 -9.741744507424106568e-10
9.799999999999602085e-02 -1.147803148769331312e-09
9.879999999999597438e-02 -7.607495467962613957e-10
9.959999999999603892e-02 -9.206931448231888017e-10
1.003999999999960063e-01 -1.116078642850116435e-09
1.011999999999960709e-01 -9.016621408770394269e-10
1.019999999999960244e-01 -1.040666038903967102e-09
1.027999999999959779e-01 -7.538381369308988909e-10
1.035999999999960425e-01 -8.842480349578201539e-10
1.043999999999959960e-01 -8.205198329847537959e-10
1.051999999999960744e-01 -8.556992310116774939e-10
1.059999999999960280e-01 -8.836595290386043719e-10
1.067999999999959815e-01 -6.474223270655280375e-10
1.075999999999960460e-01 -8.921905250924596217e-10
1.083999999999959996e-01 -8.646112231193838391e-10
1.091999999999960641e-01 -8.073347211463109025e-10
1.099999999999960176e-01 -6.710069191732364648e-10
1.107999999999959712e-01 -1.164472117200165210e-09
1.115999999999960496e-01 -6.283148152270900492e-10
1.123999999999960031e-01 -8.826398132540239386e-10
1.131999999999960677e-01 -1.203414711280949331e-09
1.139999999999960212e-01 -4.929790093078727756e-10
1.147999999999959747e-01 -9.746386073348034576e-10
1.155999999999960393e-01 -1.127565605361727561e-09
1.163999999999960067e-01 -8.918896033886514497e-10
1.171999999999960712e-01 -1.056483701415580648e-09
1.179999999999960247e-01 -6.793386994425029654e-10
1.187999999999959783e-01 -7.751167974694323262e-10
1.195999999999960428e-01 -9.241748954963589430e-10
1.203999999999959963e-01 -7.285450935232933886e-10
1.211999999999960748e-01 -8.908156915502180094e-10
1.219999999999960283e-01 -5.546050895771459502e-10
1.227999999999959818e-01 -3.541471876040682599e-10
1.235999999999960464e-01 -4.761584856309956128e-10
1.243999999999959999e-01 -7.771127836579258393e-10
1.251999999999960644e-01 -7.490077816848528779e-10
1.259999999999960318e-01 -6.261126797117772579e-10
1.267999999999959715e-01 -6.172561777387007274e-10
1.275999999999960499e-01 -8.698936757656277403e-10
1.283999999999959896e-01 -8.895156737925519610e-10
1.291999999999960680e-01 -1.052475571819486310e-09
1.299999999999960354e-01 -9.022850698464149496e-10
1.307999999999959750e-01 -9.528689678733405665e-10
1.315999999999960535e-01 -9.494339659002701679e-10
1.323999999999959931e-01 -9.290630639271959629e-10
1.331999999999960715e-01 -8.810272619541224854e-10
1.339999999999960112e-01 -1.028799259981047654e-09
1.347999999999959786e-01 -9.373386580079751893e-10
1.355999999999960570e-01 -7.079616560348986240e-10
1.363999999999959967e-01 -1.037835154061829360e-09
1.371999999999960751e-01 -7.185034520887529669e-10
1.379999999999960147e-01 -6.274229501156841038e-10
1.387999999999959821e-01 -6.313206481426136504e-10
1.395999999999960328e-01 -6.780854461695344947e-10
1.403999999999960002e-01 -6.951176441964636509e-10
1.411999999999960786e-01 -6.103396422233873842e-10
1.419999999999960183e-01 -4.505496402503147374e-10
1.427999999999959857e-01 -4.128451382772406451e-10
1.435999999999960364e-01 -8.261256363041669862e-10
1.443999999999960038e-01 -4.993439343310978204e-10
1.451999999999960822e-01 -7.295069323580257501e-10
1.459999999999960218e-01 -4.070559303849457693e-10
1.467999999999959893e-01 -4.482216284118835359e-10
1.475999999999960399e-01 -4.684121264387986748e-10
1.483999999999960073e-01 -4.930329244657349034e-10
1.491999999999960580e-01 -5.054642224926581224e-10
1.499999999999960254e-01 -4.650561205195891370e-10
1.507999999999959650e-01 -3.232784185465126975e-10
1.515999999999960435e-01 -4.975465165734419600e-10
1.523999999999960109e-01 -5.235635146003632412e-10
1.531999999999960616e-01 -3.601639126272914965e-10
1.539999999999960290e-01 -5.162181065422652630e-11
1.547999999999959686e-01 -1.333169086811434362e-10
1.555999999999960470e-01 1.184299329192253173e-11
1.563999999999960144e-01 -3.396487047350008325e-10
1.571999999999960651e-01 -1.382352027619294409e-10
1.579999999999960325e-01 -3.059805007888572999e-10
1.587999999999959722e-01 -2.725747988157837304e-10
1.595999999999960506e-01 6.182750315728926686e-11
1.603999999999959902e-01 -3.240934948696324292e-10
1.611999999999960687e-01 -2.261846928965592058e-10
1.619999999999960361e-01 2.731736090765148346e-10
1.627999999999959757e-01 -1.628655889504185440e-10
1.635999999999960541e-01 6.457871302265904748e-11
1.643999999999959938e-01 1.459816149957266085e-10
1.651999999999960722e-01 -8.042968303120142554e-11
1.659999999999960119e-01 4.322921894187625158e-11
1.667999999999959793e-01 -4.612907908505486406e-11
1.675999999999960577e-01 -1.338921771119804016e-10
1.683999999999959973e-01 2.610382486109168595e-11
1.691999999999960758e-01 -3.556853731658331429e-10
1.699999999999960154e-01 -1.878557119275971373e-11
1.707999999999959828e-01 -1.988836692196879334e-10
1.715999999999960335e-01 -1.102865672466133952e-10
1.723999999999960009e-01 -1.412985652735354306e-10
1.731999999999960793e-01 -4.429883633004735176e-10
1.739999999999960190e-01 -2.404216132739819185e-11
1.747999999999959864e-01 -1.924340593543237446e-10
1.755999999999960370e-01 -1.532942573812470692e-10
1.763999999999960044e-01 -1.795741554081743746e-10
1.771999999999960829e-01 2.019655465648997631e-10
1.779999999999960225e-01 6.412694853797453901e-11
1.787999999999959899e-01 -5.092454948895444690e-11
1.795999999999960406e-01 1.424279524841181551e-10
1.803999999999960080e-01 -2.878771455428120918e-10
1.811999999999960587e-01 1.749841564302578869e-10
1.819999999999960261e-01 1.421743584033351865e-10
1.827999999999959657e-01 5.996416037640790729e-11
1.835999999999960441e-01 3.876826234947993522e-11
1.843999999999960115e-01 1.014021643225565745e-10
1.851999999999960622e-01 -7.403833370436923397e-11
1.859999999999960296e-01 8.628806826870229646e-11
1.867999999999959693e-01 3.794931702417718204e-10
1.875999999999960477e-01 2.637559722148476047e-10
1.883999999999960151e-01 4.872318741879240775e-10
1.891999999999960658e-01 2.999607761609890439e-10
1.899999999999960332e-01 5.173577813406736529e-11
1.907999999999959728e-01 7.466818010713588547e-11
1.915999999999960512e-01 3.147139820802120427e-10
1.923999999999959909e-01 4.212096840532845295e-10
1.931999999999960693e-01 -3.408521397364103534e-11
1.939999999999960367e-01 3.753609879994300839e-10
1.947999999999959764e-01 2.813593899725060884e-10
1.955999999999960548e-01 7.463344919455782151e-10
1.963999999999959944e-01 3.259556939186540637e-10
1.971999999999960729e-01 1.856958917260629023e-13
1.979999999999960125e-01 3.600359978647915983e-10
1.987999999999959799e-01 2.502851998378697992e-10
1.995999999999960584e-01 1.205077018109383688e-10
2.003999999999959980e-01 2.071260037840107925e-10
2.011999999999960764e-01 4.993647057570898674e-10
2.019999999999960161e-01 -4.664879226983926225e-11
2.027999999999959835e-01 -9.235489029676186442e-11
2.035999999999960342e-01 2.531283116763113442e-10
2.043999999999960016e-01 -1.526416863506146743e-10
2.051999999999960800e-01 -1.172784843775540649e-10
2.059999999999960196e-01 2.112548175955307526e-10
2.067999999999959870e-01 -1.543909804314062965e-10
2.075999999999960377e-01 5.616372154167396286e-11
2.083999999999960051e-01 -2.789356764852534412e-10
2.091999999999960835e-01 -4.632189745121856017e-10
2.099999999999960232e-01 -8.188527253911096934e-11
2.107999999999959906e-01 -2.525047705660385633e-10
2.115999999999960413e-01 -1.028862685929641091e-10
2.123999999999960087e-01 -3.969096661989049781e-11
2.131999999999960593e-01 -2.442673646468114279e-10
2.139999999999960267e-01 -2.669447626737402184e-10
2.147999999999959664e-01 -2.820996070066838323e-11
2.155999999999960448e-01 -1.755200587276002674e-10
2.163999999999960122e-01 -6.078555675452856170e-11
2.171999999999960629e-01 -2.349791547814523254e-10
2.179999999999960303e-01 5.698954719162016809e-11
2.187999999999959699e-01 5.679374916469784871e-11
2.195999999999960484e-01 -2.187409488622291244e-10
2.203999999999960158e-01 3.805907531108406408e-10
2.211999999999960664e-01 5.732855083916790771e-12
2.219999999999960338e-01 4.282985705699079632e-11
2.227999999999959735e-01 -1.144847409699423036e-10
2.235999999999960519e-01 2.261952610031350688e-10
2.243999999999959916e-01 1.164286297620380187e-11
2.251999999999960700e-01 4.431316494927787113e-11
2.259999999999960374e-01 2.152586669223513163e-10
2.267999999999959770e-01 4.745388688954243988e-10
2.275999999999960555e-01 2.251597086849630044e-11
2.283999999999959951e-01 2.715536728415718059e-10
2.291999999999960735e-01 5.922354748146436302e-10
2.299999999999960132e-01 3.314409767877203129e-10
2.307999999999959806e-01 4.156753787607954525e-10
2.315999999999960590e-01 4.308734807338684096e-10
2.323999999999959987e-01 1.760332827069423686e-10
2.331999999999960771e-01 6.741162846800052206e-10
2.339999999999960167e-01 3.377686653089816860e-12
2.347999999999959841e-01 3.338506886261526910e-10
2.355999999999960348e-01 2.305444905992305803e-10
2.363999999999960022e-01 3.594577925723024169e-10
2.371999999999960806e-01 -9.751305454627372117e-12
2.379999999999960203e-01 5.700759965184520439e-10
2.387999999999959877e-01 2.569144984915215185e-10
2.395999999999960384e-01 2.503451004645989760e-10
2.403999999999960058e-01 1.920695024376615713e-10
2.411999999999960842e-01 -1.380560955892585889e-10
2.419999999999960238e-01 2.634320063838086213e-10
2.427999999999959913e-01 2.580422083568849070e-10
2.435999999999960419e-01 3.352457103299605087e-10
2.443999999999960093e-01 5.070545123030327997e-10
2.451999999999960600e-01 4.784406142761026101e-10
2.459999999999960274e-01 5.548910162491780793e-10
2.467999999999959670e-01 3.933451182222510003e-10
2.475999999999960455e-01 5.247596201953260026e-10
2.483999999999960129e-01 3.656331221683993299e-10
2.491999999999960635e-01 2.033873241414693022e-10
2.499999999999960310e-01 3.215288261145450836e-10
2.507999999999959706e-01 2.350305280876124464e-10
2.515999999999960490e-01 3.942058300606958879e-10
2.523999999999960164e-01 5.053627320337587406e-10
2.531999999999960949e-01 3.781680340068366869e-10
2.539999999999960067e-01 3.917461359799094470e-10
2.547999999999959742e-01 3.833790379529813469e-10
2.555999999999960526e-01 2.792166399260543624e-10
2.563999999999960200e-01 4.181521418991280197e-10
2.571999999999960984e-01 6.799441438722043639e-10
2.579999999999960103e-01 2.419580458452707808e-10
2.587999999999959777e-01 4.011902478183475967e-10
2.595999999999960561e-01 3.482046497914155835e-10
2.603999999999960235e-01 5.792478517644905811e-10
2.611999999999960465e-01 5.097492537375655444e-10
2.619999999999960139e-01 6.766517557106373744e-10
2.627999999999959813e-01 7.379782576837107261e-10
2.635999999999960597e-01 7.256321596567880933e-10
2.643999999999960271e-01 4.741741616298582224e-10
2.651999999999960500e-01 4.536710636029327711e-10
2.659999999999960174e-01 4.897128655760078407e-10
2.667999999999959848e-01 6.096769675490724825e-10
2.675999999999960632e-01 1.074758769522157012e-09
2.683999999999960306e-01 6.779166714952231785e-10
2.691999999999960536e-01 8.903151734682922838e-10
2.699999999999960210e-01 6.191147754413690138e-10
2.707999999999959884e-01 3.077119774144415918e-10
2.715999999999960668e-01 6.133230793875152292e-10
2.723999999999959787e-01 8.007033813605865808e-10
2.731999999999960571e-01 5.743915833336620757e-10
2.739999999999960245e-01 1.798480853067363596e-10
2.747999999999959919e-01 8.540744872798097033e-10
2.755999999999960703e-01 5.179020892528811078e-10
2.763999999999959822e-01 6.273003912259557782e-10
2.771999999999960607e-01 8.049285931990268818e-10
2.779999999999960281e-01 5.984266951720960963e-10
2.787999999999959955e-01 6.484661971451747789e-10
2.795999999999960739e-01 7.887481991182491821e-10
2.803999999999959858e-01 6.585977010913212728e-10
2.811999999999960642e-01 5.653740030643920288e-10
2.819999999999960316e-01 2.513350050374680378e-10
2.827999999999959990e-01 4.537185070105376176e-10
2.835999999999960219e-01 3.907533089836140030e-10
2.843999999999959893e-01 7.101276109566809182e-10
2.851999999999960678e-01 3.076225129297517541e-10
2.859999999999960352e-01 6.610780149028301672e-10
2.867999999999960026e-01 5.874725168759045685e-10
2.875999999999960255e-01 3.603186188489747729e-10
2.883999999999959929e-01 5.133087208220519315e-10
2.891999999999960713e-01 2.273610227951242740e-10
2.899999999999960387e-01 1.892258247681947204e-10
2.907999999999960061e-01 2.949182674126795440e-11
2.915999999999960290e-01 1.330139287143455067e-10
2.923999999999959964e-01 4.829486306874199381e-10
2.931999999999960749e-01 5.132553266048645623e-11
2.939999999999960423e-01 2.336645346335637819e-10
2.947999999999959542e-01 -6.898796339336846027e-11
2.955999999999960326e-01 8.620833857970721362e-11
2.963999999999960000e-01 2.150825405527814239e-10
2.971999999999960784e-01 -4.783995747414520760e-11
2.979999999999960458e-01 -8.834135550107134040e-11
2.987999999999959577e-01 -8.539305352800224511e-11
2.995999999999960361e-01 7.514654844507108583e-11
3.003999999999960036e-01 -1.277741495818498024e-10
3.011999999999960820e-01 -6.856154760878018155e-11
3.019999999999960494e-01 -5.890214563571085650e-11
3.027999999999959613e-01 9.985045633736522623e-11
3.035999999999960397e-01 -4.575778416895630126e-10
3.043999999999960071e-01 -7.362233971648973255e-11
3.051999999999960855e-01 -4.041672377434194118e-10
3.059999999999960529e-01 -4.157956357703432704e-10
3.067999999999959648e-01 -1.975635337972674139e-10
3.075999999999960433e-01 -4.644935318241993692e-10
3.083999999999960107e-01 -4.696205298511252338e-10
3.091999999999960891e-01 -4.747369278780576973e-10
3.099999999999960010e-01 -5.164355259049750338e-10
3.107999999999959684e-01 -5.083152393190591820e-11
3.115999999999960468e-01 -4.605237219588282673e-10
3.123999999999960142e-01 -5.106956199857615685e-10
3.131999999999960926e-01 -5.997626180126841985e-10
3.139999999999960045e-01 -7.876198160396159158e-10
3.147999999999959719e-01 -6.142976140665409094e-10
3.155999999999960504e-01 -4.645476120934658829e-10
3.163999999999960178e-01 -7.340355101203910057e-10
3.171999999999960962e-01 -5.912773081473179423e-10
3.179999999999960081e-01 -2.190848061742455991e-10
3.187999999999959755e-01 -4.270681042011689251e-10
3.195999999999960539e-01 -7.935594022281026033e-10
3.203999999999960213e-01 -3.819069002550311791e-10
3.211999999999960997e-01 -6.600492982819572361e-10
3.219999999999960116e-01 -1.207057496308884356e-09
3.227999999999959790e-01 -4.530832943358105674e-10
3.235999999999960575e-01 -9.043173923627387368e-10
3.243999999999960249e-01 -6.827350903896637018e-10
3.251999999999960478e-01 -9.759444884165916259e-10
3.259999999999960152e-01 -6.304328864435160850e-10
3.267999999999959826e-01 -8.342027844704494900e-10
3.275999999999960610e-01 -1.081031482497371091e-09
3.283999999999960284e-01 -1.086048380524299961e-09
3.291999999999960513e-01 -6.354651785512280152e-10
3.299999999999960187e-01 -8.145614765781511958e-10
3.307999999999959861e-01 -1.155537174605077353e-09
3.315999999999960646e-01 -1.024190172632009185e-09
3.323999999999960320e-01 -7.854340706589353646e-10
3.331999999999960549e-01 -5.927814686858592232e-10
3.339999999999960223e-01 -5.726096667127872741e-10
3.347999999999959897e-01 -7.849699647397130191e-10
3.355999999999960681e-01 -6.636132627666378990e-10
3.363999999999959800e-01 -4.725131607935619960e-10
3.371999999999960584e-01 -1.015954458820495048e-09
3.379999999999960258e-01 -2.412323568474200613e-10
3.387999999999959932e-01 -7.002327548743472736e-10
3.395999999999960717e-01 -6.126836529012759484e-10
3.403999999999959836e-01 -7.286872509282056754e-10
3.411999999999960620e-01 -6.237938489551261924e-10
3.419999999999960294e-01 -4.491677469820539902e-10
3.427999999999959968e-01 -4.734616450089835164e-10
3.435999999999960752e-01 -4.923021430359051171e-10
3.443999999999959871e-01 -2.210102410628394875e-10
3.451999999999960655e-01 -4.644354390897631179e-10
3.459999999999960330e-01 -3.356535371166967719e-10
3.467999999999960004e-01 -1.386134351436199567e-10
3.475999999999960233e-01 -4.335672331705482351e-10
3.483999999999959907e-01 -2.373903311974752163e-10
3.491999999999960691e-01 -1.975790292243979244e-10
3.499999999999960365e-01 2.298367274867637200e-11
3.507999999999960039e-01 5.748357472174471420e-11
3.515999999999960268e-01 6.164697669482230621e-11
3.523999999999959942e-01 4.074250786678985306e-10
3.531999999999960727e-01 1.483607806409610116e-10
3.539999999999960401e-01 1.808782826140393331e-10
3.547999999999960075e-01 1.353995845871064692e-10
3.555999999999960304e-01 4.936903865601926442e-10
3.563999999999959978e-01 4.316062885332571287e-10
3.571999999999960762e-01 2.796917905063332328e-10
3.579999999999960436e-01 6.475961924794068871e-10
3.587999999999959555e-01 6.012931944524775346e-10
3.595999999999960339e-01 5.789000964255517414e-10
3.603999999999960013e-01 5.151567983986234371e-10
3.611999999999960798e-01 7.982224003716982612e-10
3.619999999999960472e-01 5.636185023447626649e-10
3.627999999999959591e-01 7.916029043178487077e-10
3.635999999999960375e-01 5.286732062909130602e-10
3.643999999999960049e-01 4.593131082639875572e-10
3.651999999999960833e-01 6.350761102370597104e-10
3.659999999999960507e-01 6.328091122101322725e-10
3.667999999999959626e-01 5.594664141832111409e-10
3.675999999999960410e-01 5.475004161562788751e-10
3.683999999999960084e-01 6.257166181293580565e-10
3.691999999999960869e-01 6.171328201024287075e-10
3.699999999999960543e-01 7.258667220755033446e-10
3.707999999999959662e-01 7.635925240485726462e-10
3.715999999999960446e-01 4.504950260216492874e-10
3.723999999999960120e-01 7.954453279947163528e-10
3.731999999999960904e-01 7.189265299677935865e-10
3.739999999999960023e-01 8.535384319408653295e-10
3.747999999999959697e-01 1.319394733913940632e-09
3.755999999999960481e-01 9.054818358870110677e-10
3.763999999999960155e-01 1.058884037860082487e-09
3.771999999999960940e-01 1.292243639833161143e-09
3.779999999999960059e-01 1.012985641806230189e-09
3.787999999999959733e-01 1.221152943779307293e-09
3.795999999999960517e-01 1.205566745752375652e-09
3.803999999999960191e-01 9.769953477254522560e-10
3.811999999999960975e-01 1.186907049698522941e-09
3.819999999999960094e-01 8.811707516715967732e-10
3.827999999999959768e-01 9.136776536446683813e-10
3.835999999999960552e-01 9.621433556177383812e-10
3.843999999999960226e-01 9.796400575908128900e-10
3.851999999999961011e-01 6.527188595638885483e-10
3.859999999999960130e-01 9.439805615369641274e-10
3.867999999999959804e-01 1.218651163510033109e-09
3.875999999999960588e-01 1.030424365483109202e-09
3.883999999999960262e-01 8.288358674561796416e-10
3.891999999999960491e-01 1.122072869429251166e-09
3.899999999999960165e-01 1.000313871402323124e-09
3.907999999999959839e-01 1.031928973375398104e-09
3.915999999999960623e-01 1.486302875348472387e-09
3.923999999999960298e-01 1.171169677321547012e-09
3.931999999999960527e-01 1.291858479294616123e-09
3.939999999999960201e-01 6.654719812676922449e-10
3.947999999999959875e-01 1.396659083240763204e-09
3.955999999999960659e-01 1.089785985213838616e-09
3.963999999999960333e-01 1.217342187186916202e-09
3.971999999999960562e-01 1.099157189159982838e-09
3.979999999999960236e-01 1.237019791133063349e-09
3.987999999999959910e-01 1.213308493106124531e-09
3.995999999999960695e-01 9.101798950792040965e-10
4.003999999999959813e-01 1.099144797052274339e-09
4.011999999999960598e-01 1.373705199025351412e-09
4.019999999999960272e-01 8.280541009984252113e-10
4.027999999999959946e-01 8.943722029714949375e-10
4.035999999999960730e-01 7.829942049445706462e-10
4.043999999999959849e-01 8.512236069176425928e-10
4.051999999999960633e-01 1.168583608890717571e-09
4.059999999999960307e-01 5.242807108637869032e-10
4.067999999999959981e-01 1.168078212836860011e-09
4.075999999999960766e-01 7.678149148099339895e-10
4.083999999999959885e-01 8.919178167830076043e-10
4.091999999999960669e-01 1.169100118756078084e-09
4.099999999999960343e-01 6.967771207291491004e-10
4.107999999999960017e-01 6.270049227022228746e-10
4.115999999999960246e-01 4.819401246753003121e-10
4.123999999999959920e-01 3.816785266483726593e-10
4.131999999999960704e-01 6.974930286214397043e-10
4.139999999999960378e-01 2.847099305945231308e-10
4.147999999999960052e-01 2.965719325675898236e-10
4.155999999999960282e-01 6.075299345406687668e-10
4.163999999999959956e-01 4.627599365137343507e-10
4.171999999999960740e-01 1.715329384868095464e-10
4.179999999999960414e-01 4.326321404598834733e-10
4.187999999999960088e-01 4.183853424329521763e-10
4.195999999999960317e-01 2.215929444060310134e-10
4.203999999999959991e-01 -2.535722536208940832e-10
4.211999999999960775e-01 -1.447353516478230086e-10
4.219999999999960449e-01 -2.016288496747483449e-10
4.227999999999980107e-01 -5.537245477016789053e-10
4.235999999999979782e-01 -1.416386457286117041e-10
4.243999999999980566e-01 -2.874744437555385025e-10
4.251999999999980240e-01 -2.361132417824604138e-10
