-4.244000000000039408e-01 -2.446864966527788588e-09
-4.236000000000040289e-01 -1.682333442378529253e-09
-4.228000000000040060e-01 -1.997115564236697396e-09
-4.220000000000039830e-01 -2.231467158102292695e-09
-4.212000000000039601e-01 -1.846463081975315493e-09
-4.204000000000039927e-01 -2.078569349425765417e-09
-4.196000000000040253e-01 -2.642885883743642446e-09
-4.188000000000040024e-01 -1.886196673638947234e-09
-4.180000000000039795e-01 -1.943507401441679483e-09
-4.172000000000039566e-01 -2.391772632451839678e-09
-4.164000000000039892e-01 -2.249768613369425915e-09
-4.156000000000040218e-01 -2.003699866724440108e-09
-4.148000000000039988e-01 -1.893859355426881893e-09
-4.140000000000039759e-01 -2.475032245166750776e-09
-4.132000000000039530e-01 -2.080706737114047388e-09
-4.124000000000039856e-01 -2.359489994068771404e-09
-4.116000000000040182e-01 -1.797530263030922130e-09
-4.108000000000039953e-01 -2.105802065000500758e-09
-4.100000000000039724e-01 -2.188344551977506896e-09
-4.092000000000039495e-01 -1.873321214211939689e-09
-4.084000000000039821e-01 -1.749999379953800396e-09
-4.076000000000040147e-01 -1.584964309953088358e-09
-4.068000000000039917e-01 -1.811641937459803943e-09
-4.060000000000039688e-01 -1.473323718973946828e-09
-4.052000000000040014e-01 -1.764516184095516761e-09
-4.044000000000039785e-01 -1.467703854024514089e-09
-4.036000000000040111e-01 -1.818982725560939400e-09
-4.028000000000039882e-01 -1.469449371104791539e-09
-4.020000000000039653e-01 -1.251536322156071235e-09
-4.012000000000039979e-01 -1.691542613914778016e-09
-4.004000000000039750e-01 -8.287377102809125091e-10
-3.996000000000040075e-01 -1.070059224354474335e-09
-3.988000000000039846e-01 -1.111705604435463341e-09
-3.980000000000039617e-01 -8.302507125238798997e-10
-3.972000000000039943e-01 -1.034768829619724077e-09
-3.964000000000039714e-01 -9.626290777229951645e-10
-3.956000000000040040e-01 -5.466536178336938662e-10
-3.948000000000039811e-01 -6.862623099518197467e-10
-3.940000000000040137e-01 -6.671045580773731916e-10
-3.932000000000039908e-01 -7.342222142103540692e-10
-3.924000000000039678e-01 -1.058411103507621655e-10
-3.916000000000040004e-01 -2.295992334985976971e-10
-3.908000000000039775e-01 -1.527606206538607546e-10
-3.900000000000040101e-01 -4.846743918165508247e-10
-3.892000000000039872e-01 8.845346301333135119e-11
-3.884000000000039643e-01 -6.484087361642136858e-10
-3.876000000000039969e-01 -2.733378934918606642e-11
-3.868000000000039740e-01 -1.629498365415858036e-10
-3.860000000000040066e-01 6.590358225858694726e-11
-3.852000000000039837e-01 1.424864705133255262e-11
-3.844000000000039607e-01 -3.176442216334951621e-11
-3.836000000000039933e-01 1.523987746145414429e-10
-3.828000000000040259e-01 8.569300073850048750e-10
-3.820000000000040030e-01 2.920890561480405085e-10
-3.812000000000039801e-01 1.134570509036490059e-10
-3.804000000000039572e-01 -4.619881834816986037e-11
-3.796000000000039898e-01 9.437348392584255788e-12
-3.788000000000040224e-01 -1.873003688740895287e-10
-3.780000000000039995e-01 5.251062398518096214e-10
-3.772000000000039766e-01 3.494754645702813558e-10
-3.764000000000039536e-01 3.199178352813254602e-10
-3.756000000000039862e-01 5.697886219849426216e-10
-3.748000000000040188e-01 5.978851246811320970e-10
-3.740000000000039959e-01 5.707590333698944446e-10
-3.732000000000039730e-01 3.037717580512291777e-10
-3.724000000000039501e-01 1.579343872513638935e-11
-3.716000000000039827e-01 3.980286253916167659e-10
-3.708000000000040153e-01 4.777561080506694287e-10
-3.700000000000039924e-01 -2.110664522977053995e-10
-3.692000000000039694e-01 6.072852913464925490e-10
-3.684000000000039465e-01 9.096585619832633699e-10
-3.676000000000040346e-01 4.595195486126065019e-10
-3.668000000000040117e-01 1.812819412345223465e-10
-3.660000000000039888e-01 5.459525898490108145e-10
-3.652000000000039659e-01 9.533411044560718773e-10
-3.644000000000039430e-01 8.533931750557054089e-10
-3.636000000000040311e-01 6.359427216479116944e-10
-3.628000000000040082e-01 7.649842542326908349e-10
-3.620000000000039853e-01 6.646262828100422275e-10
-3.612000000000039623e-01 1.065849307379966438e-09
-3.604000000000039394e-01 6.223459379424634323e-10
-3.596000000000040275e-01 6.137003444975324940e-10
-3.588000000000040046e-01 6.250650370451747024e-10
-3.580000000000039817e-01 2.637017855853895876e-10
-3.572000000000039588e-01 -2.397129488182336857e-11
-3.564000000000039914e-01 -3.188541643564634449e-10
-3.556000000000040240e-01 4.908603716146897905e-11
-3.548000000000040011e-01 -4.067047133280257374e-10
-3.540000000000039782e-01 -7.926546782494792464e-11
-3.532000000000039552e-01 4.527759067070236083e-11
-3.524000000000039878e-01 -4.481904768410745284e-10
-3.516000000000040204e-01 6.941080363972119475e-11
-3.508000000000039975e-01 -1.996106288869103909e-10
-3.500000000000039746e-01 2.047724405790305589e-10
-3.492000000000039517e-01 2.849080250375437558e-10
-3.484000000000039843e-01 -2.023791511369888184e-12
-3.476000000000040169e-01 -5.238690610677113153e-10
-3.468000000000039940e-01 6.983604843685205443e-10
-3.460000000000039710e-01 -3.032719820267537840e-11
-3.452000000000039481e-01 1.722126172187009681e-10
-3.444000000000039807e-01 1.597616296326503017e-10
-3.436000000000040133e-01 -2.312766739608279648e-10
-3.428000000000039904e-01 -3.064477156173306603e-11
-3.420000000000039675e-01 4.551113648299341206e-10
-3.412000000000040001e-01 -3.318481978582644018e-11
-3.404000000000039772e-01 3.724792895909861026e-10
-3.396000000000040098e-01 2.275783159603712645e-10
-3.388000000000039869e-01 -3.263045226776711934e-10
-3.380000000000039639e-01 5.034971466768592642e-10
-3.372000000000039965e-01 -3.944679169760379108e-10
-3.364000000000039736e-01 2.281397923636375763e-10
-3.356000000000040062e-01 3.181117136958856468e-10
-3.348000000000039833e-01 5.018468000207065976e-10
-3.340000000000039604e-01 5.118026883381001817e-10
-3.332000000000039930e-01 4.559351826480657681e-10
-3.324000000000039701e-01 -6.359315904939544393e-11
-3.316000000000040027e-01 4.088466992457158392e-10
-3.308000000000039797e-01 5.890672715333995560e-10
-3.300000000000040123e-01 1.821733788136562623e-10
-3.292000000000039894e-01 5.528513340864853684e-10
-3.284000000000039665e-01 7.474697943518873652e-10
-3.276000000000039991e-01 -1.962118443901387973e-10
-3.268000000000039762e-01 6.708254028604088910e-10
-3.260000000000040088e-01 -2.066819989647150869e-11
-3.252000000000039859e-01 3.434054543392203385e-10
-3.244000000000039630e-01 5.761394855674853144e-10
-3.236000000000039956e-01 4.375335987883230371e-10
-3.228000000000039726e-01 1.916323001732889435e-12
-3.220000000000040052e-01 4.898759292077157936e-10
-3.212000000000039823e-01 1.559408804062712028e-10
-3.204000000000039594e-01 5.776113365973991750e-10
-3.196000000000039920e-01 5.547897507810996494e-10
-3.188000000000040246e-01 3.107657179573732892e-10
-3.180000000000040017e-01 4.413968631262190768e-10
-3.172000000000039788e-01 7.927411972876373047e-10
-3.164000000000039559e-01 5.058293284416284456e-10
-3.156000000000039885e-01 4.438612685881923536e-10
-3.148000000000040211e-01 8.107623257273286599e-10
-3.140000000000039981e-01 6.355007585903771700e-11
-3.132000000000039752e-01 9.796695579833194944e-10
-3.124000000000039523e-01 4.049040491001736629e-10
-3.116000000000039849e-01 2.496158112095999725e-10
-3.108000000000040175e-01 6.141959373116001611e-10
-3.100000000000039946e-01 -1.013216055938277220e-10
-3.092000000000039717e-01 1.588699524933164435e-10
-3.084000000000039488e-01 1.627121605730339504e-10
-3.076000000000039813e-01 3.896143716453243173e-10
-3.068000000000040139e-01 8.684618710186775957e-12
-3.060000000000039910e-01 1.076157587676220893e-10
-3.052000000000039681e-01 -4.682315281823701106e-10
-3.044000000000039452e-01 7.165381586021058515e-11
-3.036000000000040333e-01 4.029600428953636972e-10
-3.028000000000040104e-01 1.473625989230892927e-10
-3.020000000000039875e-01 -5.127759505661264570e-11
-3.012000000000039646e-01 2.811189969562587574e-10
-3.004000000000039416e-01 4.524233719617022434e-10
-2.996000000000040298e-01 3.825228209597186122e-10
-2.988000000000040068e-01 3.246287595030775439e-11
-2.980000000000039839e-01 4.779867659334690647e-10
-2.972000000000039610e-01 8.770455789092031747e-10
-2.964000000000039381e-01 1.509826378775097663e-10
-2.956000000000040262e-01 -2.026069412616107551e-10
-2.948000000000040033e-01 1.671663107918412648e-10
-2.940000000000039804e-01 6.471875673786564667e-11
-2.932000000000039575e-01 -2.873510913235369993e-10
-2.924000000000039901e-01 9.099145960763277343e-11
-2.916000000000040226e-01 1.468183253137503423e-11
-2.908000000000039997e-01 2.672473214476906518e-10
-2.900000000000039768e-01 -8.817900584342220074e-11
-2.892000000000039539e-01 4.787241525803831681e-11
-2.884000000000039865e-01 -2.293623528479282773e-10
-2.876000000000040191e-01 -1.794040056132283767e-11
-2.868000000000039962e-01 1.823577069178555162e-10
-2.860000000000039733e-01 -8.140593722103941680e-10
-2.852000000000039504e-01 -4.239655363460704406e-10
-2.844000000000039829e-01 -7.674139734891743244e-10
-2.836000000000040155e-01 -9.383767106397057575e-10
-2.828000000000039926e-01 -1.125119484797664198e-09
-2.820000000000039697e-01 -6.381221269630501611e-10
-2.812000000000039468e-01 -4.410087761358637712e-10
-2.804000000000039794e-01 -8.914500113161039125e-10
-2.796000000000040120e-01 -5.761491025037726716e-10
-2.788000000000039891e-01 -6.804734246988678803e-10
-2.780000000000039662e-01 -4.072884919013916232e-10
-2.772000000000039988e-01 1.692403478886589005e-10
-2.764000000000039758e-01 2.222339846712809944e-10
-2.756000000000040084e-01 4.948846694464755195e-10
-2.748000000000039855e-01 5.994736852142438887e-10
-2.740000000000039626e-01 7.688217679745837129e-10
-2.732000000000039952e-01 6.276453187274965055e-10
-2.724000000000039723e-01 8.381266664729823457e-10
-2.716000000000040049e-01 8.664042962110400113e-10
-2.708000000000039820e-01 -1.672265080583293915e-10
-2.700000000000039591e-01 8.012372456648736592e-10
-2.692000000000039917e-01 7.409768563806501690e-10
-2.684000000000039687e-01 4.871163990889985489e-10
-2.676000000000040013e-01 2.363798187899194868e-10
-2.668000000000039784e-01 1.180513046834137257e-10
-2.660000000000040110e-01 1.013102554694799878e-10
-2.652000000000039881e-01 -2.828555915188083141e-11
-2.644000000000039652e-01 3.157952685193313046e-10
-2.636000000000039978e-01 -1.690268578168847198e-10
-2.628000000000039749e-01 2.632621269394719091e-10
-2.620000000000040075e-01 -1.191505735115982436e-10
-2.612000000000039845e-01 -4.370963298700958433e-10
-2.604000000000039616e-01 7.623491676397895916e-11
-2.596000000000039942e-01 -4.753241706093738596e-10
-2.588000000000039713e-01 -3.917418049901536661e-10
-2.580000000000040039e-01 -3.770146153783610528e-10
-2.572000000000039810e-01 1.750556922600410361e-11
-2.564000000000039581e-01 -2.111415931770574569e-10
-2.556000000000039907e-01 -2.460744875875470307e-10
-2.548000000000040233e-01 -6.080699090054641671e-10
-2.540000000000040004e-01 -4.285248364308087529e-10
-2.532000000000039774e-01 -2.206581486358000227e-11
-2.524000000000040100e-01 -2.025202083037788289e-10
-2.516000000000039871e-01 -1.092543477514051359e-10
-2.508000000000040197e-01 8.566600379354139970e-11
-2.500000000000039968e-01 -1.737597446689396273e-10
-2.492000000000039739e-01 -6.486143013884860641e-11
-2.484000000000039787e-01 -1.069995376161838114e-10
-2.476000000000039836e-01 1.647543089905256793e-11
-2.468000000000039884e-01 -3.573350655931381477e-10
-2.460000000000039933e-01 -3.502272170927555147e-10
-2.452000000000039703e-01 -3.308236159980132491e-11
-2.444000000000040029e-01 -5.490174491142737629e-10
-2.436000000000039800e-01 8.656430936382626331e-11
-2.428000000000039849e-01 -1.997037891655012652e-10
-2.420000000000039897e-01 3.295892629774366362e-11
-2.412000000000039668e-01 -3.251362742464381287e-10
-2.404000000000039994e-01 -3.383914779804781054e-11
-2.396000000000039765e-01 -9.526702763570851937e-10
-2.388000000000040091e-01 1.158557810764506191e-10
-2.380000000000039861e-01 -1.758963574974403822e-10
-2.372000000000039632e-01 2.059259569212401715e-10
-2.364000000000039958e-01 1.704690783324932134e-10
-2.356000000000039729e-01 1.005717167363195430e-10
-2.348000000000040055e-01 -1.508453698672807099e-10
-2.340000000000039826e-01 -7.662479747831031276e-11
-2.332000000000039597e-01 2.506125049032338976e-10
-2.324000000000039923e-01 1.454169382773505351e-10
-2.316000000000039694e-01 2.862834916440401347e-10
-2.308000000000040020e-01 -6.208104299669836827e-11
-2.300000000000039790e-01 -7.270800636448634162e-10
-2.292000000000039839e-01 4.231918885995435248e-10
-2.284000000000039887e-01 1.302561360365229354e-10
-2.276000000000039658e-01 -4.021809606339244278e-10
-2.268000000000039984e-01 4.350020996882008800e-10
-2.260000000000039755e-01 5.467310721028985091e-10
-2.252000000000039803e-01 -1.933716426898309987e-10
-2.244000000000039852e-01 3.249790296100121237e-10
-2.236000000000039900e-01 5.786342868024276482e-10
-2.228000000000039948e-01 6.065816536874154508e-10
-2.220000000000039719e-01 6.218582707649755012e-10
-2.212000000000039768e-01 1.908927327351096715e-10
-2.204000000000039816e-01 2.038420997815815339e-12
-2.196000000000039865e-01 4.130088412530936414e-10
-2.188000000000039913e-01 5.721053927124461428e-10
-2.180000000000039961e-01 5.192535946413692581e-10
-2.172000000000039732e-01 6.544464236743656723e-10
-2.164000000000039781e-01 3.796784891999355264e-10
-2.156000000000039829e-01 3.997236344180769415e-10
-2.148000000000039877e-01 5.620848028287908801e-10
-2.140000000000039926e-01 7.478506268320785499e-10
-2.132000000000039697e-01 1.136127667027937832e-09
-2.124000000000040023e-01 8.570598742163698233e-10
-2.116000000000039794e-01 8.654509233973753341e-10
-2.108000000000039842e-01 1.349361829570952444e-09
-2.100000000000039890e-01 1.073904291737102722e-09
-2.092000000000039661e-01 1.095908790895825622e-09
-2.084000000000039987e-01 1.197298949047120885e-09
-2.076000000000039758e-01 4.005466851909890709e-10
-2.068000000000040084e-01 1.031370239327429743e-09
-2.060000000000039855e-01 1.313891464456442570e-09
-2.052000000000039626e-01 7.765452775780289559e-10
-2.044000000000039952e-01 6.321497910921873905e-10
-2.036000000000039722e-01 1.028697001798917913e-09
-2.028000000000040048e-01 5.035202528982222957e-10
-2.020000000000039819e-01 6.881675278300981181e-10
-2.012000000000039590e-01 6.150571358745473532e-10
-2.004000000000039916e-01 8.147802241515698642e-10
-1.996000000000039687e-01 9.163041072211630777e-10
-1.988000000000040013e-01 6.796368463833296549e-10
-1.980000000000039784e-01 7.232546084380697158e-10
-1.972000000000039832e-01 7.511039468853821386e-10
-1.964000000000039881e-01 4.551262904252660384e-10
-1.956000000000039651e-01 3.362493024577242433e-10
-1.948000000000039977e-01 2.243995134827540231e-10
-1.940000000000039748e-01 7.216793585303571769e-10
-1.932000000000039797e-01 6.306659799105318713e-10
-1.924000000000039567e-01 5.570709235132799600e-10
-1.916000000000040171e-01 2.682111415086003779e-10
-1.908000000000039942e-01 2.960364764964933467e-10
-1.900000000000039713e-01 1.123233700476958957e-09
-1.892000000000039761e-01 5.046389254499976220e-10
-1.884000000000039532e-01 5.596267684156087878e-10
-1.876000000000040135e-01 7.942800608737915471e-10
-1.868000000000039906e-01 4.388025003245485994e-10
-1.860000000000039955e-01 5.876540122678767517e-10
-1.852000000000039726e-01 6.817198756037782170e-10
-1.844000000000039496e-01 3.270851381322535423e-10
-1.836000000000040100e-01 2.008046960532995546e-10
-1.828000000000039871e-01 9.680160489669185357e-10
-1.820000000000039919e-01 6.280109008731107084e-10
-1.812000000000039690e-01 5.705909027718754796e-10
-1.804000000000039738e-01 6.641267946632125377e-10
-1.796000000000040064e-01 -8.357631245287744423e-11
-1.788000000000039835e-01 9.024029734236051213e-10
-1.780000000000039884e-01 6.569933822926605058e-10
-1.772000000000039655e-01 3.577244361542879332e-10
-1.764000000000039703e-01 6.755902300084882499e-10
-1.756000000000040029e-01 3.582678538552610312e-10
-1.748000000000040077e-01 3.882679456946067118e-10
-1.740000000000039848e-01 6.149991645265253832e-10
-1.732000000000039619e-01 -3.370891264898412842e-11
-1.724000000000039667e-01 6.906346741680795017e-10
-1.716000000000039993e-01 7.513542411777155227e-10
-1.708000000000040042e-01 1.026453347779923895e-09
-1.700000000000039813e-01 8.192580955747052523e-10
-1.692000000000039583e-01 7.253128623620600157e-10
-1.684000000000039632e-01 9.394991384419862985e-10
-1.676000000000039958e-01 8.480512465944852876e-10
-1.668000000000040006e-01 4.804137616795569374e-10
-1.660000000000039777e-01 1.070857422437201489e-09
-1.652000000000039825e-01 1.123098817187418305e-09
-1.644000000000039596e-01 9.161723745302092680e-10
-1.636000000000039922e-01 9.691264056655711868e-10
-1.628000000000039971e-01 3.658671373935059417e-10
-1.620000000000039742e-01 7.478667961140136741e-10
-1.612000000000039790e-01 4.675403488270933862e-10
-1.604000000000039561e-01 8.197586844327460106e-10
-1.596000000000040164e-01 1.158700508230972039e-09
-1.588000000000039935e-01 8.520934994217695053e-10
-1.580000000000039706e-01 7.247105776051408708e-10
-1.572000000000039754e-01 6.820143452810840628e-10
-1.564000000000039525e-01 1.112615581949599964e-09
-1.556000000000040129e-01 6.628090726106887223e-10
-1.548000000000039900e-01 5.149786092643498438e-10
-1.540000000000039948e-01 6.639758259105830927e-10
-1.532000000000039719e-01 3.788724345493904624e-10
-1.524000000000039490e-01 2.985734551807693824e-10
-1.516000000000040093e-01 4.265510058047208704e-10
-1.508000000000039864e-01 5.041823214212451905e-10
-1.500000000000039913e-01 4.461055940303420196e-10
-1.492000000000039683e-01 5.801370416320112929e-10
-1.484000000000039732e-01 8.532940470262543744e-10
-1.476000000000040058e-01 4.111427718130689808e-10
-1.468000000000039829e-01 7.058537253924560960e-10
-1.460000000000039877e-01 8.558831973644161758e-10
-1.452000000000039648e-01 6.970965925289490170e-10
-1.444000000000039696e-01 8.528935960860539475e-10
-1.436000000000040022e-01 1.101551896357325734e-10
-1.428000000000040071e-01 6.356642971779825373e-10
-1.420000000000039841e-01 8.041395537128065256e-10
-1.412000000000039612e-01 4.692739452402017417e-10
-1.404000000000039661e-01 4.373529957601701918e-10
-1.396000000000039987e-01 9.189121637627113167e-10
-1.388000000000040035e-01 7.538824597778246482e-10
-1.380000000000039806e-01 6.077751352755109949e-10
-1.372000000000039577e-01 3.888283037657703095e-10
-1.364000000000039625e-01 7.903321972486019416e-10
-1.356000000000039951e-01 7.168822667240062842e-10
-1.348000000000040000e-01 9.404227770919829901e-10
-1.340000000000039770e-01 -8.713402534746818048e-11
-1.332000000000039819e-01 6.637951511056539931e-10
-1.324000000000039590e-01 3.929009685513488603e-10
-1.316000000000039916e-01 -3.910261201038334122e-11
-1.308000000000039964e-01 6.820346404204564861e-10
-1.300000000000039735e-01 6.248094908438687116e-10
-1.292000000000039783e-01 8.288607412598539321e-10
-1.284000000000039554e-01 6.797012046684111389e-10
-1.276000000000040158e-01 6.315028530695425760e-10
-1.268000000000039929e-01 2.689580584632456204e-10
-1.260000000000039699e-01 2.173845748495210229e-10
-1.252000000000039748e-01 9.838118608283690134e-10
-1.244000000000039657e-01 8.918173830997902137e-10
-1.236000000000039983e-01 1.003809812663783222e-09
-1.228000000000039893e-01 9.659483572203493971e-10
-1.220000000000039803e-01 9.096793985694893799e-10
-1.212000000000039712e-01 9.885676973112003261e-10
-1.204000000000039622e-01 1.296993064345484024e-09
-1.196000000000040087e-01 8.646171502723405103e-10
-1.188000000000039996e-01 9.348519842917698050e-10
-1.180000000000039767e-01 8.199965893037716635e-10
-1.172000000000039677e-01 1.100103599608345971e-09
-1.164000000000039586e-01 1.084059170905494249e-09
-1.156000000000040051e-01 7.881308711952136313e-10
-1.148000000000039961e-01 8.114198574775062833e-10
-1.140000000000039870e-01 6.854128027523707761e-10
-1.132000000000039641e-01 7.070682900198082381e-10
-1.124000000000039551e-01 3.743789222798181813e-10
-1.116000000000040016e-01 7.096470455324018703e-10
-1.108000000000039925e-01 6.858408347775576698e-10
-1.100000000000039835e-01 6.827122120152854942e-10
-1.092000000000039744e-01 7.720754882455860634e-10
-1.084000000000039654e-01 5.365003404684591847e-10
-1.076000000000039980e-01 6.350966706839052400e-10
-1.068000000000039890e-01 8.198207208919238012e-10
-1.060000000000039799e-01 -2.046205139074839452e-10
-1.052000000000039709e-01 4.653843882856798263e-10
-1.044000000000039619e-01 3.221708674714161251e-10
-1.036000000000040083e-01 1.496656176497248659e-10
-1.028000000000039993e-01 -4.915932417939350821e-11
-1.020000000000039764e-01 4.810035079840611882e-10
-1.012000000000039673e-01 4.166919551400886286e-10
-1.004000000000039583e-01 5.827191162886880617e-10
-9.960000000000400477e-02 3.385027564298600526e-10
-9.880000000000399574e-02 7.335191115636052760e-10
-9.800000000000398670e-02 6.161244896899226440e-10
-9.720000000000396378e-02 3.085788528088123614e-10
-9.640000000000395475e-02 4.771790989202760002e-10
-9.560000000000400122e-02 2.830031102431152036e-11
-9.480000000000399218e-02 2.360608501209195074e-10
-9.400000000000398315e-02 -3.781819217899005100e-10
-9.320000000000397411e-02 2.688973722918529772e-10
-9.240000000000396507e-02 3.759477303661783811e-10
-9.160000000000399767e-02 -1.602200775669224786e-10
-9.080000000000398863e-02 2.766971349254832330e-11
-9.000000000000397959e-02 7.315208154459252195e-11
-8.920000000000397056e-02 1.783988845892086097e-10
-8.840000000000396152e-02 4.663889562639767494e-11
-8.760000000000400799e-02 5.959489866561592280e-10
-8.680000000000399896e-02 3.458863946784935079e-10
-8.600000000000397604e-02 3.018366986933999248e-10
-8.520000000000396700e-02 -4.287868692991199304e-10
-8.440000000000395797e-02 -2.590357412990676239e-10
-8.360000000000400444e-02 7.062777576935567001e-10
-8.280000000000399540e-02 9.120922367875417807e-11
-8.200000000000398637e-02 3.432205796565242403e-10
-8.120000000000396345e-02 7.713358016268664147e-10
-8.040000000000395441e-02 3.928767585897821491e-10
-7.960000000000400089e-02 7.171140295452700525e-10
-7.880000000000399185e-02 7.452626264933307475e-10
-7.800000000000398281e-02 9.847997414339635323e-10
-7.720000000000397378e-02 9.078328382671693124e-10
-7.640000000000396474e-02 3.466312952929473587e-10
-7.560000000000399734e-02 2.967278252112992523e-10
-7.480000000000398830e-02 2.156454541222219318e-10
-7.400000000000397926e-02 2.721483560257187443e-10
-7.320000000000397022e-02 -1.950751500782128657e-10
-7.240000000000396119e-02 -6.766271895719544593e-13
-7.160000000000400766e-02 1.196470856916422992e-10
-7.080000000000399862e-02 4.933087685654298932e-10
-7.000000000000397571e-02 1.798598394317889815e-10
-6.920000000000396667e-02 -4.017127470927850859e-11
-6.840000000000395763e-02 6.064639771422255448e-10
-6.760000000000400411e-02 2.671051789863029340e-10
-6.680000000000399507e-02 2.117310328229528180e-10
-6.600000000000398603e-02 3.310130906521752409e-10
-6.520000000000396312e-02 6.447373547396995667e-11
-6.440000000000395408e-02 4.666807842883381248e-10
-6.360000000000400056e-02 5.197213400952787093e-10
-6.280000000000399152e-02 1.803952388947917155e-10
-6.200000000000398248e-02 3.897721136868763698e-10
-6.120000000000396650e-02 1.817917734715351958e-10
-6.040000000000395747e-02 -1.411614047512344106e-10
-5.960000000000400394e-02 -3.436223209814306617e-10
-5.880000000000399490e-02 3.015203837809457442e-10
-5.800000000000397893e-02 -6.429666946410473665e-11
-5.720000000000396989e-02 5.527600052834155320e-10
-5.640000000000396085e-02 -4.224559659764908729e-10
-5.560000000000400039e-02 2.982516747561761019e-10
-5.480000000000399135e-02 2.509854094814155590e-10
-5.400000000000398231e-02 3.334115701992283153e-10
-5.320000000000396634e-02 4.310656949096117453e-10
-5.240000000000395730e-02 1.086913616125685433e-10
-5.160000000000400378e-02 3.034297513080978150e-10
-5.080000000000399474e-02 2.269274209962013437e-10
-5.000000000000397876e-02 -1.350765183231245161e-10
-4.920000000000396972e-02 2.404372473501238587e-10
-4.840000000000396069e-02 -6.164169098405613915e-11
-4.760000000000400022e-02 -2.872889453256637495e-10
-4.680000000000399119e-02 -2.362829256746979178e-10
-4.600000000000398215e-02 -4.837643900311596929e-10
-4.520000000000396617e-02 4.117960360495099020e-11
-4.440000000000395713e-02 -3.285381407663659024e-10
-4.360000000000400361e-02 -2.737170971451092807e-10
-4.280000000000399457e-02 -3.378710475312803059e-10
-4.200000000000397860e-02 1.431790990751202719e-10
-4.120000000000396956e-02 -5.852343632590584111e-11
-4.040000000000396052e-02 1.243986202656404294e-10
-3.960000000000400006e-02 5.135323528497584009e-10
-3.880000000000399102e-02 -1.493014457354857656e-11
-3.800000000000398198e-02 2.201293179957151275e-10
-3.720000000000396601e-02 5.824129335575522143e-10
-3.640000000000395697e-02 4.352362701119626890e-10
-3.560000000000400344e-02 1.979462696589438216e-10
-3.480000000000399440e-02 4.581095621984991272e-10
-3.400000000000397843e-02 -8.570059026937316630e-11
-3.320000000000396939e-02 3.766304322553263177e-10
-3.240000000000396035e-02 3.011267127725989836e-10
-3.160000000000399989e-02 1.167626112824432572e-10
-3.080000000000399085e-02 -4.814297242151382333e-10
-3.000000000000397835e-02 -3.922686972014722042e-11
-2.920000000000396931e-02 1.631714107674170364e-10
-2.840000000000395680e-02 -1.068681177524487672e-10
-2.760000000000400328e-02 -3.991788662797395742e-10
-2.680000000000399077e-02 -2.167206681445877009e-11
-2.600000000000397826e-02 -2.985127513566055011e-10
-2.520000000000396922e-02 -3.183722906178854339e-12
-2.440000000000395672e-02 -8.528555824631789936e-10
-2.360000000000400319e-02 1.770051889723909338e-10
-2.280000000000399069e-02 -6.578137259946426032e-11
-2.200000000000397818e-02 2.236520028212531431e-10
-2.120000000000396914e-02 1.679602312345420658e-10
-2.040000000000395664e-02 4.338620016404052464e-10
-1.960000000000400311e-02 -1.740163669611600836e-10
-1.880000000000399060e-02 -4.903230357015287049e-11
-1.800000000000397810e-02 4.212067988134267818e-10
-1.720000000000396906e-02 3.110930781895798071e-10
-1.640000000000395655e-02 1.539939305583034703e-10
-1.560000000000400129e-02 4.633835669196022880e-10
-1.480000000000399052e-02 1.510105312734725345e-10
-1.400000000000397975e-02 4.665708546199163571e-10
-1.320000000000396724e-02 -6.345155504106937265e-11
-1.240000000000395647e-02 5.709411991905193622e-10
-1.160000000000400121e-02 3.072337916146795217e-10
-1.080000000000399044e-02 4.056455293141303812e-11
-1.000000000000397966e-02 7.579315824071998019e-11
-9.200000000003967157e-03 4.630801542599316947e-12
-8.400000000003956385e-03 1.407731808370502692e-10
-7.600000000004001992e-03 4.779810471240745364e-10
-6.800000000003990352e-03 -2.689419259632874991e-11
-6.000000000003979581e-03 -1.151666963241604439e-10
-5.200000000003967941e-03 -5.933854059417931224e-12
-4.400000000003956302e-03 -4.726035388021020105e-10
-3.600000000004001909e-03 5.274284608477828617e-10
-2.800000000003990269e-03 3.220518516902436064e-10
-2.000000000003979064e-03 -6.486673107472406945e-11
-1.200000000003967641e-03 3.002514571528808437e-10
-4.000000000039563271e-04 7.874960337305903436e-11
3.999999999959982290e-04 -3.941393494141903751e-10
1.199999999996009597e-03 1.459334937911327541e-10
1.999999999996021020e-03 -4.227892601097261099e-11
2.799999999996032225e-03 2.177784891794963285e-10
3.599999999996043865e-03 1.454650483625358922e-10
4.399999999995998258e-03 1.284309415381506104e-10
5.199999999996009897e-03 -7.868164293663104559e-12
5.999999999996020669e-03 3.411220986709562608e-11
6.799999999996032309e-03 -8.993657997957405923e-11
7.599999999996043948e-03 -2.461618148336695148e-10
8.399999999995999209e-03 8.910419930480573713e-11
9.199999999996009981e-03 -3.022675165641448495e-10
9.999999999996020753e-03 8.530754555947712521e-11
1.079999999999603326e-02 -2.478053873243293510e-10
1.159999999999604403e-02 -1.208643921556162920e-11
1.239999999999599929e-02 -2.653690721142214589e-10
1.319999999999601006e-02 2.296241319796911764e-10
1.399999999999602084e-02 3.381866760661745697e-10
1.479999999999603334e-02 3.588399591452330187e-10
1.559999999999604411e-02 6.974425521686212564e-11
1.639999999999599764e-02 4.763705456810655970e-10
1.719999999999601015e-02 -7.677716966215864209e-11
1.799999999999602265e-02 8.406056838718961887e-11
1.879999999999603169e-02 -2.087887155708905373e-10
1.959999999999604420e-02 4.124889871636036125e-10
2.039999999999599772e-02 3.544295890906683780e-10
2.119999999999601023e-02 6.243210205103065024e-10
2.199999999999602274e-02 2.804587065225188740e-10
2.279999999999603177e-02 8.031409052730282583e-11
2.359999999999604428e-02 -1.570291394753417173e-10
2.439999999999599781e-02 -5.877234674854119484e-10
2.519999999999601031e-02 -4.167892635029097959e-10
2.599999999999602282e-02 -5.484941355278369252e-10
2.679999999999603186e-02 6.426859843981025781e-11
2.759999999999604436e-02 -3.502088925999692768e-10
2.839999999999599789e-02 -6.333164456471781754e-10
2.919999999999601040e-02 -4.770943227018127613e-10
2.999999999999602290e-02 -2.742869487638749417e-10
3.079999999999603194e-02 -1.590363028333663454e-10
3.159999999999604098e-02 6.929501308971725578e-11
3.239999999999600144e-02 -1.479956759946266519e-10
3.319999999999601048e-02 -2.809042590863989539e-10
3.399999999999601952e-02 9.717161481440032319e-11
3.479999999999603549e-02 -1.882860292922253379e-10
3.559999999999604453e-02 -2.847882140628116328e-11
3.639999999999599806e-02 -3.627250765277627618e-10
3.719999999999600709e-02 2.401746970433290388e-10
3.799999999999602307e-02 -1.247974727930067951e-10
3.879999999999603211e-02 6.814160632289679473e-13
3.959999999999604114e-02 -3.119548550879618796e-10
4.039999999999600161e-02 -4.693372182465820121e-10
4.119999999999601065e-02 -1.981433841262714232e-11
4.199999999999601968e-02 -2.722172825860997918e-10
4.279999999999603566e-02 -1.635347607669999250e-10
4.359999999999604470e-02 -3.031888019553293860e-10
4.439999999999599822e-02 -7.420296715108371160e-11
4.519999999999600726e-02 -5.269822203542655729e-10
4.599999999999602324e-02 -3.765750056487676794e-11
4.679999999999603227e-02 -3.767477667829146956e-10
4.759999999999604131e-02 -2.293084840083782392e-10
4.839999999999600178e-02 -2.740670992412721210e-10
4.919999999999601081e-02 -2.198105474815908087e-10
4.999999999999601985e-02 -4.627532837293379091e-10
5.079999999999603583e-02 -1.060280005984513575e-09
5.159999999999604486e-02 -3.298424362471139064e-10
5.239999999999599839e-02 -5.501315615171427796e-10
5.319999999999600743e-02 -7.111044187946009762e-10
5.399999999999602340e-02 -1.020110603079484120e-09
5.479999999999603244e-02 -5.163146063717946615e-10
5.559999999999604148e-02 -6.806752996715345628e-10
5.639999999999600194e-02 -8.973371119787001641e-10
5.719999999999601098e-02 -1.172021902932925289e-10
5.799999999999602002e-02 -1.258235746153150425e-10
5.879999999999603599e-02 -2.065714309447624517e-10
5.959999999999604503e-02 -5.157066682816373542e-10
6.039999999999599856e-02 -5.042138666259416884e-10
6.119999999999600759e-02 -1.130769789776717260e-10
6.199999999999602357e-02 -2.508004313368275311e-10
6.279999999999597016e-02 -7.446168227034144862e-10
6.359999999999604858e-02 -6.445901800774261937e-10
6.439999999999600211e-02 -8.382095254588646900e-10
6.519999999999606666e-02 -7.110620728477315323e-10
6.599999999999602018e-02 -6.461118382440276835e-10
6.679999999999597371e-02 -4.356203926477487595e-10
6.759999999999603826e-02 -6.209619110588999821e-10
6.839999999999600566e-02 -8.668527874774760987e-10
6.919999999999607021e-02 -5.757515409034788598e-10
6.999999999999602374e-02 -1.616951303369100830e-10
7.079999999999597726e-02 -9.234695107777698118e-10
7.159999999999604181e-02 -2.797038362260551154e-10
7.239999999999599534e-02 -2.877140086817698293e-10
7.319999999999607376e-02 -4.596532191449094684e-10
7.399999999999602729e-02 -1.478175360154783449e-10
7.479999999999598082e-02 -7.354161670934730596e-10
7.559999999999604536e-02 -1.690776994788970386e-10
7.639999999999599889e-02 -3.446498990717486318e-10
7.719999999999606344e-02 -9.241419215720242331e-10
7.799999999999601696e-02 -3.944304790797307247e-10
7.879999999999597049e-02 -4.602526265948631547e-10
7.959999999999604892e-02 -4.615271541174230506e-10
8.039999999999600244e-02 -7.126512196474105116e-10
8.119999999999606699e-02 -1.666171304048255002e-10
8.199999999999602052e-02 -2.941703977296680320e-10
8.279999999999597404e-02 -4.838107202819363529e-10
8.359999999999603859e-02 -4.927360278416322432e-10
8.439999999999600599e-02 -2.372613357087573696e-10
8.519999999999607054e-02 1.784036401669167436e-11
8.599999999999602407e-02 -5.089241945652885773e-10
8.679999999999597760e-02 -2.577079882546946326e-10
8.759999999999604214e-02 -4.295789407515263765e-10
8.839999999999599567e-02 -7.691240863557892733e-10
8.919999999999607410e-02 -1.957651797674761137e-10
8.999999999999602762e-02 -7.221281465865941178e-10
9.079999999999598115e-02 -8.265614272131360255e-10
9.159999999999604570e-02 -6.415742328471072912e-10
9.239999999999599922e-02 -1.312818984885060978e-10
9.319999999999606377e-02 -6.564334151373306858e-10
9.399999999999601730e-02 -4.731305557935828004e-10
9.479999999999597082e-02 -3.617042656572624397e-10
9.559999999999604925e-02 8.966673871630359429e-12
9.639999999999600278e-02 -3.945188069069061352e-10
9.719999999999606732e-02 -2.102219434928666395e-10
9.799999999999602085e-02 -7.033929571862583342e-10
9.879999999999597438e-02 -4.835776894870738291e-10
9.959999999999603892e-02 1.206697340468132626e-11
1.003999999999960063e-01 -4.359270497109911627e-10
1.011999999999960709e-01 -3.468399486340893706e-10
1.019999999999960244e-01 -4.507750669646168795e-10
1.027999999999959779e-01 -6.913352055025701814e-10
1.035999999999960425e-01 -3.626187383479492004e-10
1.043999999999959960e-01 -5.125757130007575449e-10
1.051999999999960744e-01 -1.155121076099702297e-11
1.059999999999960280e-01 -6.107815185286587748e-10
1.067999999999959815e-01 -3.849173893037479189e-10
1.075999999999960460e-01 -1.532296086266482671e-12
1.083999999999959996e-01 -6.104629597762125220e-10
1.091999999999960641e-01 -4.767052933735843795e-10
1.099999999999960176e-01 -8.051935174783873136e-10
1.107999999999959712e-01 -5.953060498906142221e-10
1.115999999999960496e-01 -2.492245711102686318e-10
1.123999999999960031e-01 -2.777363589373524298e-10
1.131999999999960677e-01 -5.807621683418602318e-10
1.139999999999960212e-01 -9.562161686137974239e-10
1.147999999999959747e-01 -7.852668664631619543e-10
1.155999999999960393e-01 -4.839865793199541040e-10
1.163999999999960067e-01 -3.184840881841719729e-10
1.171999999999960712e-01 1.652317944180748039e-12
1.179999999999960247e-01 -1.254710061934893906e-09
1.187999999999959783e-01 -1.971926628213946053e-10
1.195999999999960428e-01 -4.442646637153227194e-10
1.203999999999959963e-01 -1.732585846166800923e-10
1.211999999999960748e-01 -4.471628275254632210e-10
1.219999999999960283e-01 -1.108092137441673949e-09
1.227999999999959818e-01 -3.027207313653122245e-10
1.235999999999960464e-01 -3.677047902963762479e-10
1.243999999999959999e-01 -3.633626972348713939e-10
1.251999999999960644e-01 -6.786052215807921981e-10
1.259999999999960318e-01 -6.748482037341389021e-10
1.267999999999959715e-01 -4.806788670949130168e-10
1.275999999999960499e-01 -4.291645630631148356e-10
1.283999999999959896e-01 -9.557703950387458644e-10
1.291999999999960680e-01 -6.356245620218026794e-10
1.299999999999960354e-01 -4.986009700122887956e-10
1.307999999999959750e-01 -6.452958390102006549e-10
1.315999999999960535e-01 -9.124237431155384008e-10
1.323999999999959931e-01 -4.010368090283070562e-10
1.331999999999960715e-01 -3.571089300484997815e-10
1.339999999999960112e-01 -6.786532120761218612e-10
1.347999999999959786e-01 -4.430913071111713974e-10
1.355999999999960570e-01 -1.103838951153646944e-09
1.363999999999959967e-01 -6.635369432035496226e-10
1.371999999999960751e-01 -3.215629382608801526e-10
1.379999999999960147e-01 -4.923156973256399690e-10
1.387999999999959821e-01 -6.624776043978253903e-10
1.395999999999960328e-01 -4.289416124774384591e-10
1.403999999999960002e-01 -8.218153395644791553e-10
1.411999999999960786e-01 -8.257759366589472208e-10
1.419999999999960183e-01 -1.411179117608428881e-10
1.427999999999959857e-01 -2.436728198701643317e-10
1.435999999999960364e-01 -6.469729798691338015e-11
1.443999999999960038e-01 2.489645078889066745e-10
1.451999999999960822e-01 -3.151603352426974994e-10
1.459999999999960218e-01 -7.581717073817291838e-10
1.467999999999959893e-01 -2.251446915281882809e-10
1.475999999999960399e-01 -6.337924246820749802e-10
1.483999999999960073e-01 -5.035874158433891941e-10
1.491999999999960580e-01 -3.343048060121292277e-10
1.499999999999960254e-01 -8.152817301883003816e-10
1.507999999999959650e-01 -9.974734393718972456e-10
1.515999999999960435e-01 -6.393627615629181078e-10
1.523999999999960109e-01 -8.919772727613717587e-10
1.531999999999960616e-01 -8.587311059672495373e-10
1.539999999999960290e-01 -9.589709361805564887e-10
1.547999999999959686e-01 -9.348246434012892076e-10
1.555999999999960470e-01 -1.375661615629449747e-09
1.563999999999960144e-01 -9.572230758650393014e-10
1.571999999999960651e-01 -1.454817621108052988e-09
1.579999999999960325e-01 -6.990180183584959544e-10
1.587999999999959722e-01 -1.228067162916366536e-09
1.595999999999960506e-01 -1.089469215881662533e-09
1.603999999999959902e-01 -5.393277791543881215e-10
1.611999999999960687e-01 -6.874899314345413578e-10
1.619999999999960361e-01 -1.052434692722120350e-09
1.627999999999959757e-01 -4.422032480171265642e-10
1.635999999999960541e-01 -7.092728803195605296e-10
1.643999999999959938e-01 -7.349751216294238543e-10
1.651999999999960722e-01 -5.713771329467129359e-10
1.659999999999960119e-01 -9.772860972714312611e-10
1.667999999999959793e-01 -1.045571444603573551e-09
1.675999999999960577e-01 -6.652368399431452461e-10
1.683999999999959973e-01 -9.719303842901445469e-10
1.691999999999960758e-01 -5.811999426445677217e-10
1.699999999999960154e-01 -4.403559080064219281e-10
1.707999999999959828e-01 -2.589805983757018830e-10
1.715999999999960335e-01 -2.676787327524094999e-10
1.723999999999960009e-01 -8.582669201365482924e-10
1.731999999999960793e-01 -3.831623935281092518e-10
1.739999999999960190e-01 -6.649347069271029068e-10
1.747999999999959864e-01 -5.845459283335171440e-10
1.755999999999960370e-01 -3.926243547473624946e-10
1.763999999999960044e-01 -6.853386721686370961e-10
1.771999999999960829e-01 -3.089309655973356009e-10
1.779999999999960225e-01 -9.531458730334617319e-10
1.787999999999959899e-01 -8.731781864770155197e-10
1.795999999999960406e-01 -5.293117769279967619e-10
1.803999999999960080e-01 -1.410179733386407346e-09
1.811999999999960587e-01 -9.563154318522436862e-10
1.819999999999960261e-01 -7.045826353255093366e-10
1.827999999999959657e-01 -5.887652448062006181e-10
1.835999999999960441e-01 -5.663553192943178820e-10
1.843999999999960115e-01 -8.592192797898643342e-10
1.851999999999960622e-01 -1.175388131292838376e-09
1.859999999999960296e-01 -7.772052778032415705e-10
1.867999999999959693e-01 -8.962904963210690076e-10
1.875999999999960477e-01 -7.438850318463237791e-10
1.883999999999960151e-01 -7.649654503790062917e-10
1.891999999999960658e-01 -4.970932229191143428e-10
1.899999999999960332e-01 -5.658834894666553961e-10
1.907999999999959728e-01 -7.479592400216186710e-10
1.915999999999960512e-01 -5.751944245840095467e-10
1.923999999999959909e-01 -4.589239131538331894e-10
1.931999999999960693e-01 -9.797248387310789422e-10
1.939999999999960367e-01 -6.915704023157558639e-10
1.947999999999959764e-01 -5.422968929078569529e-10
1.955999999999960548e-01 -7.363981675073854983e-10
1.963999999999959944e-01 -4.565305361143432684e-10
1.971999999999960729e-01 -5.534779387287267552e-10
1.979999999999960125e-01 -5.700986053505379636e-10
1.987999999999959799e-01 -4.130954359797783057e-10
1.995999999999960584e-01 -5.753275306164445394e-10
2.003999999999959980e-01 -4.261294792605365825e-10
2.011999999999960764e-01 -8.371946519120576761e-10
2.019999999999960161e-01 -1.771499985710065661e-10
2.027999999999959835e-01 -1.467178692373829635e-10
2.035999999999960342e-01 -3.536747739111834025e-10
2.043999999999960016e-01 -4.990842325924165286e-10
2.051999999999960800e-01 -1.404266952810737864e-10
2.059999999999960196e-01 -4.268242819771619658e-10
2.067999999999959870e-01 -1.491040226806723625e-10
2.075999999999960377e-01 -4.963851473916123769e-10
2.083999999999960051e-01 -2.410992761099815161e-10
2.091999999999960835e-01 -3.040786883577473338e-11
2.099999999999960232e-01 -2.308986955689971239e-10
2.107999999999959906e-01 -1.804987463096452494e-10
2.115999999999960413e-01 -4.449805410577212511e-10
2.123999999999960087e-01 -2.217546698132277919e-10
2.131999999999960593e-01 -3.640829725761587821e-10
2.139999999999960267e-01 -6.836403934652058512e-11
2.147999999999959664e-01 -2.851162701243051082e-10
2.155999999999960448e-01 -5.540093949095184622e-10
2.163999999999960122e-01 -5.286458937021612123e-10
2.171999999999960629e-01 -7.019329565022279305e-10
2.179999999999960303e-01 -4.913933433097258054e-10
2.187999999999959699e-01 -2.200681541246476427e-10
2.195999999999960484e-01 -5.718186389469988083e-10
2.203999999999960158e-01 -4.755718577767758689e-10
2.211999999999960664e-01 -5.126719406139801935e-10
2.219999999999960338e-01 -6.415376174586141117e-10
2.227999999999959735e-01 -1.911894983106736791e-10
2.235999999999960519e-01 -5.462731831701606162e-10
2.243999999999959916e-01 -3.639925620370769950e-10
2.251999999999960700e-01 -5.238801149114192443e-10
2.259999999999960374e-01 -5.189912817931907713e-10
2.267999999999959770e-01 -3.163656626823861153e-10
2.275999999999960555e-01 -5.653088375790109754e-10
2.283999999999959951e-01 -4.393964364830651932e-10
2.291999999999960735e-01 -1.916232493945413591e-10
2.299999999999960132e-01 -8.369495563134490471e-10
2.307999999999959806e-01 -3.954962172397822483e-10
2.315999999999960590e-01 -7.067243221735411651e-10
2.323999999999959987e-01 -7.295257411147329014e-10
2.331999999999960771e-01 -2.635764140633471913e-10
2.339999999999960167e-01 -5.780349410193937104e-10
2.347999999999959841e-01 -2.326051419828632077e-10
2.355999999999960348e-01 -2.928800369537598958e-10
2.363999999999960022e-01 -9.537206759320872756e-10
2.371999999999960806e-01 -3.528260589178393981e-10
2.379999999999960203e-01 -5.521725059110221497e-10
2.387999999999959877e-01 -9.870832569116288619e-10
2.395999999999960384e-01 -8.540769619196631880e-10
2.403999999999960058e-01 -5.329563409351250145e-10
2.411999999999960842e-01 -4.705266139580164476e-10
2.419999999999960238e-01 -2.487712409883315801e-10
2.427999999999959913e-01 -3.855148620260760131e-10
2.435999999999960419e-01 -2.398177770712464183e-10
2.443999999999960093e-01 -2.304145261238477280e-10
2.451999999999960600e-01 -5.526652991838748282e-10
2.459999999999960274e-01 9.987503374866869090e-11
2.467999999999959670e-01 -2.332658873262101226e-10
2.475999999999960455e-01 -4.689336024085198456e-10
2.483999999999960129e-01 5.706692850174289278e-11
2.491999999999960635e-01 -4.329818745954186377e-10
2.499999999999960310e-01 -1.631414917000109310e-10
2.507999999999959706e-01 -4.616299228120288674e-10
2.515999999999960490e-01 2.208536206852684995e-11
2.523999999999960164e-01 -2.484667470583481688e-10
2.531999999999960949e-01 -8.430468201926469515e-10
2.539999999999960067e-01 -2.207448573343771232e-10
2.547999999999959742e-01 -3.823535884835309667e-10
2.555999999999960526e-01 -4.693668236401130304e-10
2.563999999999960200e-01 -4.335555828041237760e-10
2.571999999999960984e-01 -2.162662559755603837e-10
2.579999999999960103e-01 -4.552704731544263778e-10
2.587999999999959777e-01 -3.735062743407184787e-10
2.595999999999960561e-01 6.327210465564281614e-12
2.603999999999960235e-01 -6.217621487355847379e-10
2.611999999999960465e-01 -4.532812194415880921e-11
2.619999999999960139e-01 -4.160056591601591251e-10
2.627999999999959813e-01 -5.703193038358867075e-11
2.635999999999960597e-01 -7.558777556144438287e-10
2.643999999999960271e-01 -5.485956048527285702e-10
2.651999999999960500e-01 -3.491154180984388453e-10
2.659999999999960174e-01 -3.663528853515801026e-10
2.667999999999959848e-01 -3.481524966121441305e-10
2.675999999999960632e-01 -2.939398718801369269e-10
2.683999999999960306e-01 -5.528518611555611022e-10
2.691999999999960536e-01 -3.107869944384056505e-10
2.699999999999960210e-01 -4.414547217286828818e-10
2.707999999999959884e-01 -4.105830730263857713e-10
2.715999999999960668e-01 -3.798217683315150414e-10
2.723999999999959787e-01 -2.296270076440731952e-10
2.731999999999960571e-01 -5.195781709640555270e-10
2.739999999999960245e-01 -2.121517829147024025e-11
2.747999999999959919e-01 -5.170359096263093547e-10
2.755999999999960703e-01 -1.663571549685740647e-10
2.763999999999959822e-01 3.494525568172823702e-11
2.771999999999960607e-01 -1.107209276753917733e-10
2.779999999999960281e-01 3.677563049600572170e-10
2.787999999999959955e-01 -3.787935064119176817e-10
2.795999999999960739e-01 -4.882649717913203518e-10
2.803999999999959858e-01 -2.051997511781538351e-10
2.811999999999960642e-01 -2.484577545724118498e-10
2.819999999999960316e-01 -1.089819197409669450e-11
2.827999999999959990e-01 -1.773541233832114477e-10
2.835999999999960219e-01 3.505421412002487686e-10
2.843999999999959893e-01 1.249821117762790469e-10
2.851999999999960678e-01 5.519999983448853751e-10
2.859999999999960352e-01 2.896434909060588297e-10
2.867999999999960026e-01 -8.183643054018974901e-11
2.875999999999960255e-01 2.178029140061346320e-10
2.883999999999959929e-01 5.707114545450249745e-10
2.891999999999960713e-01 1.823509310764972464e-10
2.899999999999960387e-01 5.381759036005338128e-10
2.907999999999960061e-01 5.152157921171474442e-10
2.915999999999960290e-01 5.501465662633631173e-11
2.923999999999959964e-01 5.819361171280954416e-10
2.931999999999960749e-01 1.581115536224242484e-10
2.939999999999960423e-01 6.519382261093245549e-10
2.947999999999959542e-01 3.519350245888040123e-10
2.955999999999960326e-01 6.001548990608523762e-10
2.963999999999960000e-01 1.637749395254717395e-10
2.971999999999960784e-01 5.508746859826683017e-10
2.979999999999960458e-01 1.133017884324321079e-10
2.987999999999959577e-01 2.515889568747704834e-10
2.995999999999960361e-01 1.888545113096853568e-10
3.003999999999960036e-01 -2.210497682628336382e-10
3.011999999999960820e-01 -2.465288318427747551e-10
3.019999999999960494e-01 2.571502805698520058e-10
3.027999999999959613e-01 -2.725534610249438441e-10
3.035999999999960397e-01 -3.396559666271708261e-10
3.043999999999960071e-01 2.245272376317775398e-11
3.051999999999960855e-01 -3.778649098539004442e-10
3.059999999999960529e-01 -1.897477747840792537e-11
3.067999999999959648e-01 -2.308229110341564324e-12
3.075999999999960433e-01 2.403519952502968373e-10
3.083999999999960107e-01 -1.294939439649667254e-11
3.091999999999960891e-01 -1.481210080507136049e-10
3.099999999999960010e-01 3.504559642876410661e-10
3.107999999999959684e-01 1.769996826185735914e-10
3.115999999999960468e-01 2.459302669420751039e-10
3.123999999999960142e-01 -3.522829227418533820e-10
3.131999999999960926e-01 1.545835835667928198e-10
3.139999999999960045e-01 2.316737586801131965e-11
3.147999999999959719e-01 1.514281441618052929e-10
3.155999999999960504e-01 4.090763384481688245e-10
3.163999999999960178e-01 2.458352087271071911e-10
3.171999999999960962e-01 3.521616249986188181e-10
3.179999999999960081e-01 9.261236726269751194e-11
3.187999999999959755e-01 -1.048512144806492777e-10
3.195999999999960539e-01 3.791561297685808573e-10
3.203999999999960213e-01 1.736069200103767105e-10
3.211999999999960997e-01 -9.940468375524869830e-11
3.219999999999960116e-01 4.817187984716957207e-10
3.227999999999959790e-01 1.710223866912148564e-10
3.235999999999960575e-01 1.318566409033064028e-10
3.243999999999960249e-01 5.961356311079706323e-10
3.251999999999960478e-01 6.134608873052069716e-10
3.259999999999960152e-01 5.065667794950146800e-10
3.267999999999959826e-01 6.393449076773922735e-10
3.275999999999960610e-01 7.470104518523497243e-10
3.283999999999960284e-01 8.245675920198705148e-10
3.291999999999960513e-01 3.300022181799695553e-10
3.299999999999960187e-01 6.353774803326395940e-10
3.307999999999959861e-01 3.420489284778867184e-10
3.315999999999960646e-01 2.425542526157063094e-10
3.323999999999960320e-01 -3.775082725390710668e-11
3.331999999999960549e-01 -9.893248113094622456e-11
3.339999999999960223e-01 -4.262760190154120385e-10
3.347999999999959897e-01 -8.308441090730234631e-11
3.355999999999960681e-01 -1.966216680662213999e-11
3.363999999999959800e-01 -1.108919967133719144e-10
3.371999999999960584e-01 1.448845393724553749e-10
3.379999999999960258e-01 -1.179917785491504519e-10
3.387999999999959932e-01 -2.056127604781785767e-10
3.395999999999960717e-01 -1.038597164146342160e-10
3.403999999999959836e-01 -3.006133563585225227e-10
3.411999999999960620e-01 -2.294521703098304687e-10
3.419999999999960294e-01 -3.532131826857032490e-11
3.427999999999959968e-01 2.783340697652638689e-10
3.435999999999960752e-01 -1.945490962083296099e-10
3.443999999999959871e-01 -5.862702618935245793e-11
3.451999999999960655e-01 8.243682982219979626e-11
3.459999999999960330e-01 -1.956367481736762818e-10
3.467999999999960004e-01 2.578275398230198788e-10
3.475999999999960233e-01 7.100973381229281222e-11
3.483999999999959907e-01 5.233659637941281818e-10
3.491999999999960691e-01 4.225005297685458404e-10
3.499999999999960365e-01 1.501265173553001570e-11
3.507999999999960039e-01 3.459162196950931564e-10
3.515999999999960268e-01 8.021617236472238433e-10
3.523999999999959942e-01 4.102751535919298171e-10
3.531999999999960727e-01 4.018677495292051243e-10
3.539999999999960401e-01 2.520028314590528198e-10
3.547999999999960075e-01 1.991886393814770178e-10
3.555999999999960304e-01 1.971195032964754297e-10
3.563999999999959978e-01 4.110943732040439858e-10
3.571999999999960762e-01 -1.598461608958166242e-10
3.579999999999960436e-01 -2.982195190031067536e-10
3.587999999999959555e-01 -5.783322011178180541e-10
3.595999999999960339e-01 -5.607301172399612393e-10
3.603999999999960013e-01 -2.124676473695270764e-10
3.611999999999960798e-01 -2.632005215065245295e-10
3.619999999999960472e-01 -6.518096696509499692e-10
3.627999999999959591e-01 -3.960682318027988197e-10
3.635999999999960375e-01 -6.924374179620756667e-10
3.643999999999960049e-01 -4.246462081287827773e-10
3.651999999999960833e-01 -3.121083623029150847e-10
3.659999999999960507e-01 -5.730132048447789272e-11
3.667999999999959626e-01 -2.446825026734638156e-10
3.675999999999960410e-01 1.826711113012535723e-11
3.683999999999960084e-01 -5.225261190737243264e-10
3.691999999999960869e-01 -9.525873284992769883e-12
3.699999999999960543e-01 4.578180849630620188e-11
3.707999999999959662e-01 6.254059627018549922e-11
3.715999999999960446e-01 4.698500400366337181e-10
3.723999999999960120e-01 4.620580097956575215e-10
3.731999999999960904e-01 2.942709455472467489e-10
3.739999999999960023e-01 4.428262972914085813e-10
3.747999999999959697e-01 3.519035750281540712e-10
3.755999999999960481e-01 -1.349007412425358199e-10
3.763999999999960155e-01 5.769243684793430461e-10
3.771999999999960940e-01 4.417684841938056715e-10
3.779999999999960059e-01 4.977137159008293995e-10
3.787999999999959733e-01 5.093279336004297816e-10
3.795999999999960517e-01 8.624663172926059735e-10
3.803999999999960191e-01 3.156456669773515394e-10
3.811999999999960975e-01 7.385015626546725023e-10
3.819999999999960094e-01 8.494754943245662272e-10
3.827999999999959768e-01 2.995107319870280672e-10
3.835999999999960552e-01 6.813006056420701244e-10
3.843999999999960226e-01 6.934325452896779451e-10
3.851999999999961011e-01 1.726699109298613043e-10
3.859999999999960130e-01 6.959561225626097020e-10
3.867999999999959804e-01 7.113531101879413578e-10
3.875999999999960588e-01 6.118986838058422193e-10
3.883999999999960262e-01 9.890488341631176628e-11
3.891999999999960491e-01 4.720009390193614331e-10
3.899999999999960165e-01 -2.747240193850242272e-10
3.907999999999959839e-01 4.048487282031701300e-10
3.915999999999960623e-01 7.407111117839368982e-10
3.923999999999960298e-01 1.989366313572720378e-10
3.931999999999960527e-01 9.647493469231803255e-10
3.939999999999960201e-01 4.345225284816605252e-10
3.947999999999959875e-01 4.750083360327135121e-10
3.955999999999960659e-01 5.396941495763423928e-10
3.963999999999960333e-01 4.943197991125396792e-10
3.971999999999960562e-01 4.820270346413142877e-10
3.979999999999960236e-01 3.191586761626528127e-10
3.987999999999959910e-01 6.378196036765748928e-10
3.995999999999960695e-01 -1.670087928169374808e-10
4.003999999999959813e-01 5.113128666821227595e-10
4.011999999999960598e-01 -1.191161782624128310e-11
4.019999999999960272e-01 6.145030736579677458e-10
4.027999999999959946e-01 2.257238811347486344e-10
4.035999999999960730e-01 4.797965646041025065e-10
4.043999999999959849e-01 1.161833994066024808e-09
4.051999999999960633e-01 8.592494695205266417e-10
4.059999999999960307e-01 7.288232309675946122e-10
4.067999999999959981e-01 9.172628184072372028e-10
4.075999999999960766e-01 1.020019591839456115e-09
4.083999999999959885e-01 1.063832661264240407e-09
4.091999999999960669e-01 1.365502156681601393e-09
4.099999999999960343e-01 1.322686418091534770e-09
4.107999999999960017e-01 9.045960754940437009e-10
4.115999999999960246e-01 1.364728238889122202e-09
4.123999999999959920e-01 8.630179182767721864e-10
4.131999999999960704e-01 9.937653836570002997e-10
4.139999999999960378e-01 1.190222015029795493e-09
4.147999999999960052e-01 1.331439022395167104e-09
4.155999999999960282e-01 1.144802865753109546e-09
4.163999999999959956e-01 1.009897875103622923e-09
4.171999999999960740e-01 1.129436110446716016e-09
4.179999999999960414e-01 1.057983941782370398e-09
4.187999999999960088e-01 1.532015409110603695e-09
4.195999999999960317e-01 1.469676652431409112e-09
4.203999999999959991e-01 1.483869361744784689e-09
4.211999999999960775e-01 1.228454567050735421e-09
4.219999999999960449e-01 1.624608238349259814e-09
4.227999999999980107e-01 1.380050185640356187e-09
4.235999999999979782e-01 1.401277388924028584e-09
4.243999999999980566e-01 1.378610828200268642e-09
